1001501
1001504
1001519
1001522
1001525
1001532
1001550
1001551
1001558
1001563
1001565
1001570
1001585
1001590
1001597
1001599
1001609
1001616
998659
1001625
1001629
1001638
1001639
1001644
1001647
1001650
1001653
1001657
1001665
1001670
1001674
1001676
1001679
1001687
1001691
1001693
1001696
1001699
1001703
1001714
1001717
1001721
1001724
1001733
1001739
1001742
1001748
1001757
1001760
1001762
1001767
1001772
1001780
1001784
1001787
1001790
1001794
1001804
1001807
1001812
1001824
1001831
1001829
1001837
1001841
1001847
1001851
1001855
1001861
1001873
1001878
1001889
1001899
1001903
1001912
1001915
1001918
1001921
1001923
1001940
1001930
1001945
1001948
1001958
1001962
1001964
1001970
1001976
1001985
1001992
1002001
1002012
1002014
1002020
1002028
1002034
1002036
1002027
1002041
1002049
1002056
1002060
1002078
1002082
1002088
1002095
1002096
1002104
1002113
1002117
1002116
1002122
1002125
1002134
1002138
1002141
1002150
1002160
1002163
1002166
1002169
1002181
1002187
1002193
1002200
1002207
1002215
1002222
1002228
1002230
1002234
1002236
1002239
998492
998499
998506
998509
998513
998528
998532
998536
998541
998544
998547
998549
998552
998563
998564
998569
998574
998576
998579
998584
998591
998597
998603
998615
998618
998621
998623
998629
998631
998658
998661
998665
998668
998671
998681
998684
998688
998690
998697
998703
998706
998710
998713
998727
998730
998731
998745
998751
998763
998766
998771
998772
998797
998801
998806
998807
998817
998822
998824
998846
998857
998862
998864
998873
998877
998880
998885
998893
998896
998899
998903
998906
998918
998922
998929
998942
998945
998948
998951
998969
998972
998979
998978
998985
998989
998991
998997
999010
999012
999019
999023
999034
999039
999045
999055
999061
999068
999062
999082
999084
999098
999101
999104
999113
999121
999122
999128
999135
999142
999148
999155
999161
999162
999167
999170
999179
999182
999189
999184
999204
999209
999215
999217
999223
999228
999230
999234
999247
999252
999254
999258
999263
999267
999279
999282
999285
999296
999299
999305
999313
999317
999327
999334
999340
999352
999354
999367
999372
999373
999381
999384
999389
999392
999401
999402
999408
999410
999417
999420
999423
999430
999437
999439
999442
999446
999454
999457
999463
999479
999482
999488
999499
999503
999505
999513
999518
999520
999521
999530
999537
999542
999550
999559
999568
999570
999582
999587
999612
999616
999630
999632
999635
999648
999651
999655
999658
999669
999676
999685
999690
999693
999696
999707
999709
999711
995801
999716
999723
999730
999732
999738
999743
999755
999757
999773
999775
999778
999781
999783
999791
999798
999801
999810
999813
999817
999819
999822
999824
999829
999837
999840
999842
999849
999859
999872
999884
999889
999894
999898
999912
999914
999921
999934
999943
999948
999953
999963
999971
999973
999976
999979
999981
999986
999993
999996
1000001
1000011
1000014
1000019
1000021
1000033
1000040
1000043
1000059
1000069
1000076
1000079
1000082
1000085
1000094
1000097
1000099
1000114
1000121
1000135
1000145
1000151
1000146
1000155
1000161
1000164
1000162
1000168
1000179
1000182
1000188
1000191
1000203
1000211
1000214
1000217
1000222
1000231
1000238
1000241
1000245
1000250
1000254
1000262
1000268
1000278
1000294
1000297
1000299
1000305
1000304
1000314
1000322
1000324
1000333
1000336
1000340
1000346
1000356
1000359
1000367
1000374
1000377
1000386
996551
996565
996573
996615
996641
996645
996662
996664
996681
996713
996716
996733
996740
996766
996775
996798
996818
996826
996843
996849
996867
996880
996924
996940
996943
996950
996960
996969
996994
997007
997010
997017
997066
997113
997121
997123
997138
997142
997155
997158
997176
997231
997239
997244
997255
997264
997266
997323
997327
997335
997342
997346
997358
997366
997372
997376
997399
997402
997413
997434
997449
997460
997469
997488
997492
997507
997510
997513
997524
997527
997548
997552
997557
997560
997572
997576
997604
997623
997626
997629
997641
997660
997663
997670
997673
997676
997691
997697
997707
997712
997708
997722
997734
997735
997739
997750
997753
997758
997754
997763
997766
997774
997778
997781
997784
997799
997802
997811
997819
997823
997846
997851
997858
997866
997872
997883
997887
997898
997905
997914
997918
997929
997932
997940
997950
997953
997958
997974
997979
997982
997985
997995
998002
998008
998011
998021
998025
998030
998037
998041
998044
998046
998056
998059
998068
998076
998082
998085
998088
998093
998104
998107
998110
998116
998127
998130
998133
998143
998153
998157
998169
998175
998182
998183
998188
998203
998204
998208
998216
998218
998226
998230
998239
998245
998247
998250
998253
998256
998258
998263
998265
998277
998280
998283
998286
998299
998303
998309
998318
998320
998323
998327
998335
998340
998344
998347
998349
998361
998364
998366
998367
998375
998381
998384
998402
998405
998408
998411
998414
998420
998431
998441
998444
998446
998455
998461
998466
998477
998486
998489
995156
995165
995184
995200
995212
995223
995226
995243
995249
995284
995292
995300
995304
995307
995324
995370
995377
995378
995399
995437
995481
995500
995513
995581
995590
995596
995632
995683
995714
995729
995743
995747
995760
995761
995775
995793
995807
995828
995847
995849
995865
995887
995889
995896
995908
995925
995930
995939
995945
995961
995978
995981
995985
995994
996000
996003
996040
996043
996060
996064
996071
996073
996119
996159
996172
996175
996202
996227
996233
996247
996270
996272
996313
996338
996352
996384
996386
996401
996419
996435
996448
996451
996453
996480
996487
996513
996514
996533
1003805
1003819
1003826
1003843
1003845
1003860
1003863
1003866
1003875
1003887
1003898
1003909
1003917
1003920
1003928
1003934
1003939
1003941
1003949
1003952
1003948
1003959
1003974
1003980
1003995
1003998
1003999
1004010
1004016
1004018
1004022
1004033
1004041
1004055
1004060
1004063
1004066
1004075
1004083
1004087
1004096
1004099
1004101
1004116
1004123
1004125
1004136
1004142
1004145
1004168
1004176
1003820
1004189
1004199
1004211
1004230
1004238
1004242
1004245
1004248
1004259
1004264
1004269
1004279
1004282
1004288
1004292
1004308
1004325
1004334
1004338
1004344
1004347
1004350
1004357
1004378
1004382
1004392
1004398
1004401
1004408
1004411
1004413
1004414
1004423
1004446
1004447
1004448
1004459
1004485
1004490
1004493
1004508
1004519
1004526
1004594
1004595
1004605
1004610
1004611
1004613
1004627
1004645
1004665
1004667
1004671
1004677
1004685
1004702
1004709
1004719
1000847
1004725
1004731
1004742
1004758
1004772
1004773
1004774
1004780
1004785
1004795
1004807
1004819
1004838
1004862
1004876
1004881
1004882
1004891
1004897
1004907
1004920
1004921
1004927
1004928
1004930
1004931
1004948
1004950
1004951
1004988
1005025
1005033
1005036
1005052
1005067
1005072
1005077
1005110
1005123
1005149
1005154
1005165
1005171
1000022
1005181
1005195
1005207
1005231
1005237
1005244
1005248
1005264
1005267
1005271
1005276
1005288
1005315
1005359
1005450
1005478
1005625
1001649
1001652
1001662
1001672
1001684
1001695
1001708
1001716
1001719
1001723
1001729
1001738
1001741
1001745
1001749
1001763
1001766
1001769
1001774
1001778
1001786
1001789
1001792
1001795
1001799
1001805
1001811
1001814
1001817
1001820
1001830
1001843
1001845
1001857
1001863
1001875
1001877
1001880
1001883
1001894
1001904
1001907
1001917
1001920
1001922
1001931
1001932
1001941
1001944
1001949
1001953
1001963
1001967
1001972
1001981
1001997
1002010
1002013
1002017
1002025
1002030
1002015
1002032
1002045
1002054
1002062
1002066
1002069
1002043
1002086
1002087
1002089
1002102
997201
1002110
1002119
1002121
1002128
1002131
1002140
1002143
1002146
1002153
1002168
1002178
1002190
1002195
1002199
1002206
1002214
1002218
1002220
1002232
1002233
1002244
1002252
1002255
1002258
1002262
1002267
1002270
1002278
1002280
1002300
1002305
1002307
1002311
1002320
1002317
1002331
1002340
1002344
1002347
1002350
1002353
1002358
1002370
1002384
1002389
1002404
1002411
1002414
1002424
1002428
1002437
1002459
1002472
1002475
1002478
1002485
1002467
1002494
1002496
1002504
1002515
1002521
1002524
1002535
1002537
1002541
1002544
1002548
1002564
1002569
1002580
1002586
1002589
1002601
1002600
1002611
1002614
1002625
1002624
1002629
1002630
1002635
1002649
1002657
1002666
1002671
1002677
1002681
1002690
1002693
1002697
1002700
1002701
1002718
1002720
1002716
1002726
1002741
1002743
1002747
1002754
1002758
1002768
1002774
1002778
1002781
1002785
1002787
1002802
1002791
1002811
1002828
1002832
1002840
1002849
1002852
1002861
1002869
1002871
1002876
1002890
1002894
1002893
1002903
1002907
1002916
1002914
1002923
1002925
1002933
1002931
1002937
1002944
1002947
1002956
1002959
1002972
1002977
1002981
1002989
1002992
1002995
1002997
1003001
1003013
1003015
1003019
1003021
1003033
1003043
1003044
1003058
1003060
1003078
1003080
1003083
1003097
1003100
1003103
1003106
1003109
1003117
1003120
1003125
1003129
1003137
1003141
1003144
1003148
1003152
1003160
1003167
1003171
1003183
1003188
1003190
1003178
1003196
1003201
1003209
1003212
1003215
1003236
1003242
1003254
1003258
1003271
1003288
1003292
1003295
1003297
1003300
1003306
1003311
1003313
1003330
1003336
1003350
1003353
1003355
1003360
1003363
1003374
1003377
1003383
1003393
1003399
1003404
1003415
1003417
1003420
1003423
1003427
1003429
1003446
1003448
1003451
1003484
1003487
1003491
1003493
999807
999818
999828
999839
999843
999855
999861
999864
999867
999868
999871
999874
999877
999880
999891
999895
999897
999901
999906
999913
999916
999919
999933
999936
999942
999940
999960
999962
999964
999968
999977
999980
999982
999985
999988
999995
1000002
1000016
1000017
1000027
1000039
1000042
1000046
1000049
1000053
1000061
1000065
1000068
1000071
1000073
1000081
1000084
1000087
1000090
1000103
1000106
1000113
1000117
1000119
1000128
1000131
1000134
1000141
1000152
1000156
1000158
1000167
1000169
1000171
1000174
1000184
1000187
1000199
1000202
1000207
1000215
1000218
1000223
1000234
1000240
1000244
1000246
1000252
1000267
1000272
1000274
1000285
1000286
1000292
1000302
1000300
1000309
1000221
1000318
1000320
1000325
1000326
1000339
1000343
1000345
1000362
1000365
1000368
1000370
1000381
1000380
1000387
1000392
1000396
1000404
1000409
1000412
1000421
1000428
1000432
1000445
1000448
1000454
1000456
1000464
1000467
1000471
1000482
1000485
1000488
1000499
1000500
1000504
1000511
1000521
1000525
1000527
1000529
1000532
1000541
1000543
1000545
1000548
1000561
1000564
1000568
1000570
1000576
1000580
1000579
1000588
1000596
1000598
1000600
1000602
1000606
1000612
1000616
1000620
1000621
1000624
1000627
1000635
1000648
1000651
1000655
1000678
1000681
1000683
1000689
1000695
1000698
1000701
1000703
1000716
1000719
1000722
1000731
1000734
1000740
1000749
1000764
1000768
1000769
1000783
1000786
1000790
1000793
1000800
1000804
1000807
1000810
1000813
1000824
1000827
1000831
1000839
1000842
1000848
1000855
1000858
1000859
1000870
1000881
1000886
1000888
1000891
1000904
1000919
1000921
1000935
1000937
1000947
1000951
1000955
1000958
1000966
1000968
1000971
1000975
1000977
1000984
1000985
1000987
1000990
1000263
1001001
1001003
1001008
1001012
1001020
1001022
1001025
1001029
1001036
1001041
1001043
1001049
1001057
1001060
1001063
1001074
1001077
1001086
1001090
1001091
1001094
1001104
1001111
1001119
1001122
1001125
1001139
1001142
1001151
1001152
1001155
1001159
1001160
1001168
1001177
1001178
1001180
1001183
1001184
1001193
1001195
1001198
1001201
1001204
1001211
1001216
1001220
1001232
1001238
1001240
1001244
1001252
1001255
1001267
1001270
1001280
1001288
1001292
1001301
1001308
1001312
1001327
1001340
1001349
1001358
1001361
1001257
1001378
1001379
1001387
1001396
1001399
1001401
1001404
1001408
1001416
1001420
1001421
1001423
1001427
1001438
1001448
1001457
1001461
1001464
1001479
1001483
1001485
1001494
1001503
1001506
1000003
1001511
1001514
1001524
1001527
1001530
1001531
1001537
1001545
1001548
1001549
1001552
1001556
1001562
1001566
1001568
1001572
1001575
1001587
1001589
1001592
1001594
1001600
1001601
1001607
1001610
1001624
1001628
1001634
1001643
997946
997957
997961
997963
997970
997977
997981
997984
997987
997990
998004
998007
998010
998012
998017
998024
998026
998029
998031
998043
998045
998047
998050
998064
998070
998084
998087
998090
998095
998101
998109
998112
998121
998129
998132
998135
998138
998148
998159
998166
998174
998186
998190
998193
998195
998213
998220
998224
998225
998229
998233
998246
998249
998255
998262
998267
998270
998279
998282
998285
998288
998291
998295
998302
998305
998308
998311
998314
998325
998332
998333
998338
998346
998350
998352
998355
998363
998365
998369
998386
998389
998396
998407
998410
998413
998416
998423
998424
998428
998430
998435
998443
998445
998447
998452
998460
998464
998470
998476
998491
998495
998497
998501
998511
998516
998518
998521
998530
998535
998540
998551
998555
998567
998578
998580
998583
998586
998599
998611
998620
998625
998627
998634
998636
998638
998641
998646
998650
998653
998656
998675
998683
998689
998704
998712
998715
998717
998729
998733
998738
998748
998750
998782
998787
998791
998794
998805
998823
998825
998828
998833
998834
998835
998844
998858
998859
998861
998881
998875
998886
998889
998898
998917
998925
998930
998931
998934
998936
998947
998949
998956
998970
998976
998986
998988
999001
999004
999018
999024
999029
999036
999038
999043
999046
999050
999058
999059
999064
999073
999077
999081
999083
999085
999097
999100
999103
999106
999118
999120
999124
999126
999131
999133
999137
999147
999157
999160
999169
999172
999173
999183
999188
999192
999194
999197
999202
999205
999211
999213
999216
999220
999227
999231
999237
999246
999249
999255
999261
999266
999269
999271
999273
999287
999290
999292
999298
999302
999304
999310
999320
999324
999322
999325
999330
999337
999339
999341
999342
996925
999356
999359
999362
999345
999371
999376
999387
999388
999390
999398
999407
999411
999412
999422
999425
999432
999438
999441
999444
999448
999451
999460
999462
999465
999468
999472
999476
999481
999487
999490
999493
999500
999506
999509
999517
999519
999524
999528
999538
999541
999544
999547
999557
999561
999565
999569
999571
999573
999588
999585
999591
999595
999600
999606
999609
999615
999618
999623
999634
999636
999644
999650
999654
999657
999663
999391
999673
999678
999681
999689
999698
999701
999712
999714
999717
999720
999729
999737
999740
999744
999777
999780
999767
999786
999788
999800
999803
995970
995984
995988
996002
996018
996027
996039
996042
996047
996075
996077
996081
996084
996086
996125
996140
996157
996177
996214
996221
996228
996238
996250
996262
996283
996305
996328
996331
996354
996361
996377
996421
996434
996436
996442
996450
996463
996467
996488
996494
996505
996529
996531
996567
996575
996587
996589
996597
996606
996609
996632
996635
996644
996647
996649
996658
996670
996683
996693
996704
996711
996718
996727
996736
996743
996747
996753
996773
996782
996806
996809
996819
996839
996846
996860
996865
996886
996899
996902
996905
996909
996911
996927
996944
996968
996983
996985
996993
996996
996999
997001
997004
997016
997025
997037
997043
997049
997073
997112
997117
997125
997139
997143
997152
997170
997178
997184
997191
997207
997211
997215
997225
997249
997269
997288
997320
997334
997337
997357
997361
997377
997383
997386
997394
997401
997404
997420
997430
997443
997448
997454
997467
997468
997472
997475
997494
997512
997522
997529
997569
997583
997586
997592
997601
997613
997621
997625
997632
997647
997649
997668
997672
997677
997693
997716
997719
997723
997726
997737
997741
997745
997744
997760
997764
997768
997782
997789
997804
997807
997813
997815
997825
997829
997833
997836
997839
997857
997863
997874
997875
997900
997910
997913
997926
997935
997939
997942
995167
995176
995186
995190
995193
995203
995275
995287
995294
995319
995340
995358
995368
995383
995395
995401
995418
995426
995432
995463
995515
995538
995550
995579
995599
995652
995656
995686
995703
995712
995713
995715
995728
995751
995752
995788
995798
995802
995818
995836
995850
995869
995871
995872
995901
995953
1003803
1003813
1003815
1003824
1003827
1003833
1003855
1003858
1003864
1003882
1003889
1003892
1003895
1003900
1003915
1003923
1003933
1003944
1003958
1003961
1003964
1003982
1003984
1003987
1004000
1003966
1004002
1004007
1004030
1004040
1004046
1004051
1004059
1004065
1004071
1004082
1004085
1004105
1004107
1004119
1004121
1004127
1004141
1004146
1004153
1004160
1004171
1004180
1004185
1004186
1004190
1004207
1004216
1004226
1004232
1004237
1004250
1004256
1004267
1004268
1004276
1004290
1004293
1004296
1004305
1004310
1004317
1004329
1004352
1004356
1004359
1004362
1004384
1004400
1004403
1004417
1004427
1004435
1004444
1004453
1004467
1004473
1004484
1004497
1004505
1004509
1004520
1004522
1004523
1004529
1004533
1004549
1004552
1004558
1004562
1004566
1004568
1004571
1004585
1004590
1004599
1004602
1004609
1004617
1004626
1004678
1004687
1004698
1004705
1004723
1004727
1004738
1004746
1004750
1004756
1004764
1004767
1004781
1004791
1004799
1004814
1004821
1004836
1004870
1004873
1004874
1004880
1004895
1004898
1004904
1004923
1004926
1004929
1004937
1004947
1004957
1004968
1004977
1004989
1004994
1005004
1005012
1005018
1005030
1005038
1005045
1005049
1005080
1005085
1005091
1005107
1005122
1005129
1005142
1005153
1005161
1005176
1005180
1005184
1005213
1005219
1005223
1005225
1005246
1005252
1005270
1005275
1005293
1005324
1005361
1005384
1005392
1005523
1005532
1005618
1001968
1001973
1001975
1001978
1001986
1001995
1001999
1002004
1002024
1002031
1002035
1002037
1002044
1002048
1002052
1002071
1002073
1002093
1002097
1002106
1002108
1002115
1002123
1002126
1002130
1002133
1002144
1002155
1002158
1002162
1002173
1002180
1002185
1002188
1002201
1002198
1002202
1002211
1002217
1002221
1002225
1002227
1002229
1002237
1002240
1002243
1002245
1002257
1002260
1002264
1002272
1002279
1002281
1002286
1002287
1002291
1002302
1002306
1002313
1002316
1002328
1002330
1002333
1002339
1002346
1002349
1002354
1002361
1002375
1002379
1002390
1002396
1002399
1002413
1002412
1002420
1002430
1002435
1002434
1002440
1002444
1002454
1002457
1002461
1002470
1002488
1002499
1002502
1000144
1002506
1002517
1002519
1002532
1002543
1002547
1002551
1002554
1002556
1002566
1002568
1002571
1002574
1002577
1002583
1002588
1002595
1002602
1002610
1002612
1002620
1002628
1002631
1002634
1002637
1002650
1002656
1002659
1002672
1002676
1002696
1002699
1002683
1002706
1002719
1002725
1002728
1002730
1002742
1002760
1002763
997281
1002771
1002779
1002786
1002789
1002793
1002795
1002815
1002817
1002829
1002831
1002838
1002846
1002848
1002867
1002874
1002883
1002888
1002892
1002895
1002898
1002901
1002911
1002915
1002918
1002934
1002941
1002948
1002950
1002955
1002965
1002974
1002979
1002983
1002982
1002994
1002996
1002998
1003000
1003005
1003014
1003017
1003020
1003026
1003031
1003038
1003040
1003047
1003051
1003050
1003062
1003063
1003072
1003082
1003085
1003091
1003105
1003108
1003112
1003122
1003126
1003128
1003143
1003147
1003009
1003149
1003164
1003169
1003170
1003175
1003184
1003189
1003192
1003195
1003194
1003211
1003214
1003227
1003230
1003234
1003241
1003256
1003259
1003275
1003276
1003285
1003299
1003312
1003318
1003320
1003340
1003347
1003359
1003361
1003368
1003378
1003382
1003385
1003387
1003397
1003403
1003402
1003407
1003413
1003398
1003424
1003425
1003430
1003433
1003437
1003466
1003469
1003459
1003475
1003486
1003496
1003510
1003514
1003517
1003519
1003523
1003533
1003535
1003537
1003543
1003550
1003558
1003560
1003569
1003573
1003577
1003576
1003598
1003617
1003622
1003591
1003626
1003636
1003646
1003656
1003664
1003669
1003682
1003685
1003691
1003696
1003702
1003709
1003710
1003718
1003721
1003725
1003729
1003738
1003744
1003747
1003758
1003763
1003767
1003769
1003780
1003786
1003789
1003796
1000067
1000070
1000075
1000078
1000083
1000086
1000092
1000095
1000100
1000105
1000115
1000126
1000132
1000136
1000138
1000142
1000148
1000154
1000157
1000160
1000165
1000178
1000186
1000194
1000210
1000224
1000233
1000242
1000243
1000248
1000251
1000259
1000258
1000261
1000279
1000291
1000308
1000310
1000323
1000330
1000332
1000335
1000344
1000347
1000348
1000363
1000349
1000375
1000383
1000385
1000391
1000393
1000397
1000395
1000408
1000411
1000413
1000418
1000430
1000429
1000436
1000438
1000446
1000449
1000455
1000457
1000462
1000473
1000487
1000490
1000494
1000506
1000516
1000526
1000531
1000534
1000547
1000550
1000555
1000572
1000578
1000582
1000587
1000586
998240
1000601
1000608
1000605
1000629
1000630
1000641
1000653
1000663
1000661
1000656
1000673
1000682
1000685
1000687
1000691
1000699
1000704
1000708
1000712
1000715
1000718
1000721
1000723
1000733
1000742
1000745
1000747
1000751
1000754
1000766
1000770
1000772
1000777
1000782
1000789
1000796
1000805
1000809
1000812
1000814
1000818
1000825
1000826
1000829
1000834
1000843
1000850
1000856
1000864
1000871
1000872
1000875
1000887
1000890
1000892
1000895
1000899
1000908
1000915
1000918
1000922
1000926
1000930
1000939
1000942
1000945
1000953
1000957
1000959
1000963
1000973
1000989
1000997
1001007
1001009
1001024
1001027
1001031
1001038
1001046
1001050
1001052
1001054
1001064
1001068
1001070
1001075
1001081
1001088
1001106
1001109
1001113
1001124
1001127
1001130
1001136
1001144
1001149
1001153
1001156
1001157
1001162
1001165
1001202
1001208
1001219
1001224
1001226
1001246
1001258
1001260
1001263
1001265
1001276
1001282
1001286
1001290
1001294
1001296
1001303
1001307
1001311
1001324
1001326
1001330
1001333
1001335
1001345
1001352
1001355
1001364
1001367
1001371
1001380
1001382
1001385
1001393
1001400
1001403
1001406
1001409
1001412
1001418
1001425
1001429
1001433
998912
1001445
1001451
1001452
1001465
1001469
1001487
1001490
1001493
1001496
1001508
1001510
1001513
1001518
1001521
1001533
1001536
1001538
1001553
1001555
1001557
1001560
1001569
1001574
1001576
1001588
1001595
1001605
1001608
1001612
1001615
1001633
1001637
1001641
1001648
1001651
1001656
1001661
1001668
1001677
1001683
1001686
1001689
1001711
1001722
1001732
1001735
1001744
1001747
1001752
1001756
1001773
1001779
1001782
1001791
1001793
1001796
1001800
1001816
1001819
1001822
1001836
1001839
1001842
1001833
1001848
1001850
1001859
1001862
1001869
1001879
1001882
1001885
1001888
1001891
1001902
1001911
1001914
1001924
1001928
1001934
1001938
1001946
1001942
1001951
1001957
998264
998266
998268
998272
998275
998287
998289
998297
998300
998307
998313
998316
998322
998331
998341
998343
998351
998357
998360
998368
998371
998377
998387
998391
998395
998398
998400
998412
998415
998417
998425
998426
998429
998432
998436
998439
998442
998457
998465
998467
998473
998478
998481
998483
998488
998498
998502
998505
998508
998514
998520
998525
998534
998537
998539
998543
998550
998553
998557
998561
998565
998570
998573
998588
998590
998607
998610
998613
998622
998628
998635
998637
998639
998643
998645
998652
998654
998670
998673
998691
998693
998696
998709
998718
998719
998732
998739
998742
998744
998749
998752
998756
998760
998764
998776
998777
998778
998780
998781
998792
998793
998795
998796
998799
998800
998803
998812
998813
998815
998818
998826
998839
998841
998847
998848
998860
998863
998866
998869
998872
998884
998882
998888
998892
998895
998909
998913
998923
998933
998937
998940
998944
998950
998955
998959
998961
998981
998990
998994
998998
999003
999006
999009
998958
999028
999031
999033
999040
999042
999044
999071
999075
999080
999086
999088
999089
999094
999105
999108
999111
999116
999123
999132
999134
999136
999141
999144
999152
999156
999164
999171
999174
999181
999191
999196
999199
999201
999210
999212
999218
999221
999225
999233
999238
999240
999243
999251
999257
999262
999268
999274
999277
999280
999289
999294
999295
999306
999309
999312
999326
999332
999335
999343
999347
999357
999360
999364
999366
999379
999404
999409
999414
999419
999355
999450
999453
999467
999471
999475
999478
999486
999489
999492
999496
999504
999436
999512
999523
999522
999532
999535
999549
999554
999560
999563
999566
999572
999576
999579
999584
999590
999594
999598
999603
999597
999622
999625
999628
999629
999637
999646
999656
999659
999662
999665
999677
999684
999687
999694
999697
999705
999708
999713
999715
999719
999721
999727
999735
999745
999748
999756
999762
999758
999774
999782
999790
999793
999799
999802
999806
999809
999812
999816
999825
999827
999832
999833
999848
999857
999860
999863
999865
999876
999879
999882
999896
999900
999911
999918
999922
999925
999928
999930
999944
999945
999947
999952
999961
999970
999972
999975
999983
999984
999987
999990
999992
1000004
1000009
1000013
1000029
1000032
1000034
1000041
1000044
1000052
1000058
996319
996344
996357
996366
996427
996429
996433
996452
996454
996460
996466
996479
996484
996495
996509
996512
996535
996540
996539
996552
996566
996582
996591
996595
996598
996601
996614
996622
996634
996638
996657
996673
996696
996703
996751
996754
996760
996767
996769
996772
996801
996848
996859
996874
996879
996885
996895
996929
996932
996949
996964
996980
997000
997003
997006
997021
997028
997042
997045
997052
997055
997067
997070
997082
997087
997094
997110
997114
997119
997124
997150
997153
997203
997214
997227
997240
997248
997251
997230
997267
997271
997294
997304
997312
997319
997326
997333
997339
997356
997363
997406
997409
997432
997453
997459
997474
997477
997491
997496
997499
997503
997515
997521
997523
997526
997535
997539
997547
997573
997595
997608
997606
997616
997618
997639
997653
997662
997675
997674
997681
997687
997698
997699
997703
997706
997710
997718
997725
997728
997731
997746
997767
997770
997776
997788
997801
997810
997812
997816
997822
997838
997842
997869
997878
997882
997895
997899
997904
997916
997919
997922
997925
997931
997938
997962
997969
997986
997989
997992
997998
998009
998015
998018
998020
998028
998033
998036
998040
998049
998052
998058
998066
998069
998075
998078
998081
998089
998097
998103
998114
998117
998120
998123
998126
998134
998137
998140
998142
998145
998154
998158
998161
998168
998178
998098
998189
998194
998196
998198
998202
998206
998209
998215
998221
998223
998227
998231
998234
998254
998257
995150
995166
995169
995199
995210
995296
995299
995323
995337
995339
995346
995357
995361
995369
995375
995382
995387
995457
995460
995478
995505
995512
995568
995570
995572
995604
995621
995640
995646
995665
995679
995709
995723
995732
995741
995753
995762
995773
995787
995797
995839
995843
995855
995879
995882
995894
995904
995926
995938
995949
995974
996004
996026
996036
996067
996083
996087
996089
996092
996120
996130
996142
996181
996187
996195
996211
996217
996239
996253
996261
996304
996303
996309
1002299
1002285
1002309
1002315
1002318
1002329
1002338
1002342
1002355
1002352
1002371
1002374
1002376
1002382
1002395
1002397
1002401
1002394
1002408
1002417
1002421
1002423
1002427
1002438
1002443
1002447
1002460
1002464
1002469
1002473
1002477
1002484
1002436
1002491
1235512
1235512
1003502
1003495
1003508
1003512
1003518
1003528
1003531
1003546
1003551
1003555
1003554
1003566
1003572
1003575
1003578
1003597
1003602
1003611
1003613
1003616
1003619
1003623
1003630
1003641
1003650
1003662
1003666
1003675
1003678
1003693
1003697
1003700
1003701
1003705
1003712
1003716
1003719
1003726
1003733
1003736
1003739
1003742
1003526
1003749
1003755
1003759
1003764
1003766
1003775
1003784
1003791
1003801
1002505
1002508
1002512
1002514
1002522
1002526
1002538
1002546
1002550
1002555
1002558
1002561
1002570
1002573
1002576
1002579
1002582
1002592
1002593
1002599
1002605
1002613
1002621
1002623
1002619
1002636
1002641
1002643
1002645
1000948
1002655
1002658
1002662
1002667
1002670
1002678
1002682
1002462
1002686
1002692
1002707
1002715
1002717
1002727
1002732
1002734
1002744
1002751
1002757
1002765
1002770
1002772
1002776
1002792
1002796
1002797
1002808
1002821
1002830
1002833
1002836
1002839
1002844
1002850
1002862
1002879
1002885
1002896
1002897
1002882
1002906
1002912
1002917
1002926
1002929
1002938
1002940
1002943
1002960
1002962
1002967
1002964
1002980
1002987
1003002
1003004
1003007
1003011
1003018
1003025
1003035
1003048
1003049
1003055
1003064
1003071
1003076
1003077
1003084
1003093
1003096
1003104
1003115
1003113
1003127
1003130
1003136
1003150
1003146
1003156
1003168
1003172
1003174
1003177
1003180
1003197
1003185
1003204
1003213
1003216
1003221
1003223
1003233
1003243
1003246
1003255
1003257
1003249
1003262
1003272
1003278
1003284
1003287
1003298
1003301
1003304
1003310
1003315
1003321
1003323
1003329
1003346
1003352
1003358
1003364
1003380
1003384
1003391
1003394
1003405
1003410
1003409
1003428
1003431
1003441
1003452
1003455
1003463
1003470
1003473
1003478
1003483
1003498
1003501
1003515
1003521
1003524
1003536
1003542
1003557
1003556
1003561
1003565
1003574
1003581
1003584
1003586
1003593
1003601
1003603
1003606
1003610
1003612
1003620
1003621
1003625
1003628
1003639
1003642
1003648
1003661
1003665
1003670
1003674
1003677
1003683
1003689
1003687
1003695
1003703
1003708
1003707
1003713
1003715
1003727
1003732
1003735
1003748
1003754
1003765
1003771
1003774
1003785
1003795
1003798
1003808
1003811
1003814
1003817
1003822
1003832
1003841
1003850
1003853
1003856
1003857
1003862
1003872
1003883
1003908
1003897
1003921
1003925
1003927
1003937
1003947
1003963
1003968
1003971
1003986
1003992
1003993
1004001
1004006
1004020
1004026
1004031
1004035
1004042
1004029
1003870
1004056
1004064
1004072
1004084
1004090
1004093
1004103
1004108
1004112
1004114
1004122
1004131
1004126
1004147
1004152
1004157
1004159
1004169
1004184
1004187
1004195
1004209
1004213
1004228
1004235
1004239
1004272
1004281
1004284
1004291
1004295
1004298
1004316
1004326
1004336
1004337
1004339
1004342
1004355
1004361
1004372
1004416
1004422
1004430
1004432
1004439
1004452
1004454
1004456
1004464
1004471
1004475
1004478
1004482
1004487
1004489
1004492
1004496
1004499
1004501
1004524
1004535
1004557
1004565
1004569
1004572
1004574
1004578
1004580
1004584
1004597
1004598
1004601
1004614
1004620
1004624
1004662
1004663
1004664
1004669
1004684
1004710
1004714
1004721
1004726
1004732
1004760
1004765
1004776
1004782
1004796
1004801
1004812
1004818
1004820
1004823
1004826
1004828
1004854
1004864
1004865
1004872
1004900
1004912
1004916
1004925
1004933
1004938
1004939
1004944
1004961
1004965
1004971
1004976
1005011
1005042
1005051
1005057
1005066
1005076
1005090
1005099
1005124
1005128
1005132
1005155
1005160
1005164
1003068
1005178
1005183
1005189
1005194
1005215
1005230
1005234
1005247
1005266
1005281
1005306
1005349
1005376
1005398
1005440
1005486
1000460
1000475
1000489
1000498
1000501
1000508
1000512
1000517
1000519
1000530
1000533
1000539
1000549
1000552
1000556
1000559
1000569
1000571
1000574
1000575
1000583
1000592
1000594
1000595
1000599
1000613
1000614
1000626
1000628
1000632
1000634
1000643
1000662
1000660
1000666
1000667
1000672
1000674
1000680
1000690
1000697
1000705
1000710
1000717
1000720
1000724
1000726
1000732
1000735
1000738
1000750
1000753
1000771
1000779
1000781
1000794
1000798
1000801
1000795
1000822
1000828
1000830
1000833
1001116
1001118
1001121
1001126
1001135
1001137
1001141
1001170
1001172
1001188
1001191
1001203
1001205
1001199
1001210
1001213
1001221
1001215
1001227
1001229
1001230
1001235
1001241
1001245
1001248
1001254
1001262
1000846
1000849
1000854
1000863
1000866
1000869
1000880
1000883
1000889
1000894
1000902
1000907
1000909
1000911
1000920
1000923
1000925
1000928
1000929
1000931
1000934
1000940
1000944
1000950
1000956
1000964
1000967
1001268
1001273
1001275
1001279
1001287
1001291
1001293
1001295
1001289
1001313
997886
1001319
1001331
1001332
1001339
1001347
1001354
1001363
1001366
1001369
1001373
1001384
1001386
1001391
1001395
1001405
1001407
1000976
1000978
1000982
1000991
1000994
1000996
1000999
1001015
1001018
1001021
1001028
1001032
1001040
1001048
1001051
1001059
1001061
1001067
1001069
1001072
1001076
1001078
1001092
1001095
1001098
1001108
1001112
1001411
1001415
1001417
1001424
1001428
1001432
1001430
1001437
1001447
1001456
1001468
1001471
1001475
1001477
1001484
1001492
1001495
1001499
1001505
1001512
1001515
1001516
1001523
1001526
1001534
1001547
1001554
1001559
1001561
1001577
1001583
1001593
1001596
1001604
1001620
1001623
1001632
1001635
1001640
1001642
1001645
1001660
1001667
1001681
1001685
1001688
1001692
1001694
1001709
1001712
1001715
1001728
1001731
1001734
1001746
1001754
1001758
1001761
1001764
1001775
1001777
1001781
1001785
1001788
1001797
1001798
1001806
1001828
1001832
1001844
1001846
1001849
1001852
1001856
1001864
1001870
1001874
1001876
1001884
1001887
1001890
1001905
1001909
1001916
1001919
1001929
1001933
1001937
1001939
1001943
1001950
1001955
1001952
1001959
1001961
1001971
1001977
1001980
1001996
1001998
1002002
1002006
1002008
1002011
1002018
1002021
1001991
1002022
1002029
1002042
1002047
1002051
1002057
1002070
1002074
1002077
1002081
1002083
1002091
1002098
1002109
1002111
1002114
1002129
1002132
1002139
1002142
1002154
1002159
1002161
1002164
1002167
1002179
1002182
1002189
1002197
1002208
1002219
1002223
1002224
1002231
1002235
1002242
1002248
1002251
1002254
1002263
1002268
1002266
1002273
1002275
1002283
1002289
1002294
998616
998619
998626
998630
998640
998642
998649
998655
998660
998662
998663
998674
998679
998682
998685
998692
998695
998698
998701
998716
998724
998740
998746
998747
998762
998769
998767
998783
998784
998802
998804
998809
998811
998816
998827
998837
998836
998840
998845
998849
998850
998853
998855
998856
998868
998871
998874
998887
998890
998901
998904
998905
998916
998921
998924
998935
998938
998960
998962
998966
998968
998974
998977
998984
998987
997254
998995
998996
999000
999008
999011
999013
999030
999032
999035
999037
999047
999048
999053
998699
999060
999065
999072
999076
999078
999087
999093
999095
999107
999110
999114
999117
999119
999129
999130
999138
999146
999159
999163
999168
999175
999177
999180
999187
999195
999206
999224
999229
999236
999239
999242
999245
999250
999256
999259
999260
999265
999272
999275
999278
999283
999291
999293
999297
999300
999308
999311
999314
999319
999323
999329
999331
999333
999336
999338
999349
999351
999353
999361
999365
999368
999370
999380
999382
999395
999399
999405
999413
999415
999418
999421
999424
999433
999440
999449
999452
999455
999459
999461
999477
999474
999483
999491
999497
999495
999501
999508
999514
999527
999529
999533
999534
999536
999548
999553
999556
999551
999564
999578
999581
999586
999593
999596
999604
999602
999613
999614
999617
999627
999633
999641
999647
999664
999670
999672
999679
999686
999688
999691
999699
999702
999706
999682
999722
999724
999728
999725
999736
999747
999750
999753
999754
999759
999769
999772
999776
999779
999784
999789
999792
999796
999804
999811
999814
999820
999826
999830
999831
999838
999845
999850
999854
999862
999866
999870
999878
999881
999883
999888
999890
999893
999902
999910
999907
999915
999926
999935
999941
999946
999950
999954
999957
999966
999969
999978
999994
1000008
1000012
1000028
1000031
1000037
1000035
1000051
1000054
1000072
1000074
1000088
1000093
1000096
1000098
1000104
1000108
1000111
1000110
1000116
1000120
1000122
1000127
1000130
1000143
1000140
1000149
1000153
1000163
1000166
1000170
1000176
1000180
1000181
1000185
1000183
1000192
1000195
1000197
1000209
1000216
1000227
1000230
1000235
1000237
1000239
1000247
1000249
1000257
1000265
1000266
1000280
1000282
1000287
1000293
1000295
1000298
1000301
1000307
1000312
1000311
1000321
1000331
1000337
1000342
1000357
1000371
1000372
1000376
1000382
1000388
1000394
1000406
1000423
1000435
1000434
1000442
1000444
996656
996665
996671
996679
996714
996735
996752
996758
996764
996774
996778
996816
996825
996827
996717
996871
996876
996878
996890
996896
996900
996913
996926
996941
996945
996952
996977
996986
996989
996992
997008
997033
997035
997039
997047
997054
997062
997064
997075
997089
997102
997108
997126
997131
997140
997167
997174
997195
997213
997247
997253
997273
997280
997306
997325
997318
997347
997364
997370
997397
997405
997415
997418
997425
997428
997431
997435
997452
997456
997458
997476
997482
997498
997505
997519
997528
997545
997553
997556
997574
997579
997593
997636
997640
997658
997664
997679
997685
997478
997695
997702
997705
997709
997711
997727
997732
997733
997748
997751
997755
997759
997761
997773
997806
997817
997820
997824
997828
997837
997840
997844
997847
997849
997873
997903
997924
997927
997930
997947
997954
997975
997978
997988
997991
998003
998006
998016
998023
998035
998038
998051
998054
998060
998063
998074
998077
998080
998086
998100
998102
998108
998122
998125
998131
998139
998141
998147
998164
998170
998173
998176
998181
998185
998199
998200
998211
998219
998232
998236
998242
998244
998248
998251
998259
998261
998269
998271
998278
998281
998290
998292
998296
998301
998312
998317
998321
998324
998328
998336
998339
998342
998345
998348
998359
998370
998373
998376
998379
998382
998394
998397
998401
998403
998422
998427
998433
998438
998449
998468
998472
998474
998484
998487
998493
998503
998507
998510
998515
998519
998522
998524
998526
998529
998548
998556
998566
998571
998577
998587
998589
998592
998595
998600
998609
998612
998614
995175
995178
995198
995201
995207
995237
995266
995282
995295
995305
995316
995320
995376
995396
995446
995448
995449
995456
995458
995476
995484
995492
995506
995525
995551
995592
995636
995666
995716
995742
995772
995776
995803
995830
995848
995854
995857
995861
995866
995880
995883
995918
995958
995997
996028
996031
996035
996050
996053
996062
996066
996072
996101
996106
996112
996144
996152
996179
996213
996224
996242
996243
996277
996291
996306
996307
996343
996347
996350
996371
996378
996380
996383
996398
996404
996408
996413
996415
996420
996440
996465
996496
996498
996555
996564
996624
996646
1235512
1004073
1004089
1004092
1004094
1004100
1004109
1004115
1004117
1004118
1004130
1004140
1004151
1004158
1004161
1004174
1004179
1004182
1004202
1004219
1004223
1004254
1004260
1004277
1004280
1004285
1004286
1004300
1004307
1004309
1004324
1004328
1004348
1004351
1004360
1004363
1004366
1004369
1004376
1004393
1004396
1004404
1004406
1004415
1004418
1004421
1004434
1004436
1004450
1004460
1004463
1004469
1004474
1004477
1004488
1004518
1004531
1004541
1004544
1004546
1004548
1004553
1004555
1004561
1004579
1004581
1004582
1004586
1004588
1004603
1004623
1004640
1004646
1004651
1004661
1004668
1004675
1004689
1004692
1004695
1004707
1004716
1004722
1004740
1004744
1004751
1004754
1004769
1004786
1004789
1004792
1004794
1004798
1004802
1004830
1004834
1004839
1004840
1004843
1004848
1004850
1004858
1004861
1004875
1004884
1004892
1004901
1004910
1004915
1004917
1004932
1004943
1004949
1004955
1004959
1004963
1004964
1004974
1004978
1004983
1005013
1005022
1005023
1004373
1005034
1005069
1005074
1005088
1005093
1005098
1005127
1005141
1005157
1005163
1005166
1002450
1005188
1005190
1005193
1005197
1005205
1005226
1005233
1005240
1005253
1005260
1005269
1005340
1005574
1005587
1002247
1002250
1002253
1002259
1002269
1002274
1002277
1002261
1002293
1002296
1002298
1002303
1002314
1002319
1002326
1002334
1002337
1002341
1002343
1002348
1002357
1002365
1002377
1002381
1002383
1002388
1002391
1002400
1002409
1002418
1002422
1002425
1002429
1002433
1002451
1002465
1002474
1002480
1002482
1002489
1002493
1002497
1002500
1002507
1002511
1002516
1002533
1002539
1002542
1002552
1002553
1002557
1002560
1002567
1002585
1002587
1002597
1002604
1002606
1002607
997296
1002622
1002627
1002632
1002640
1002648
1002652
1002664
1002669
1002685
1002688
1002691
1002695
1002698
1002705
1002708
1002712
1002711
1002721
1002733
1002737
1002735
1002759
1002762
1002773
1002775
1002777
1002782
1002800
1002801
1002806
1002814
1002818
1002822
1002825
1002826
1002835
1002837
1002842
1002841
1002845
1002853
1002858
1002860
1002864
1002866
1002877
1002878
1002889
1002899
1002902
1002904
1002920
1002927
1002928
1002932
1002942
1002954
1002963
1002966
1002968
1002971
1002984
1002986
1002988
1002991
1002993
1003003
1003006
1003010
1003016
1003024
1003027
1003036
1003046
1003056
1003061
1003070
1003074
1003075
1003081
1003088
1003092
1003094
1003098
1003101
1003114
1003111
1003118
1003124
1003138
1003142
1003145
1003153
1003154
1003158
1003162
1003165
1003176
1003181
1003182
1003187
1003193
1003202
1003203
1003207
1003210
1003220
1003226
1003237
1003240
1003245
1003251
1003260
1003264
1003263
1003269
1003273
1003274
1003283
1003291
1003294
1003303
1003305
1003308
1003314
1003322
1003325
1003327
1003331
1003345
1003349
1003351
1003357
1003366
1003369
1003376
1003386
1003390
1003392
1003408
1003412
1003416
1003419
1003421
1003434
1003436
1003440
1003443
1003467
1003474
1003480
1003485
1003479
1003488
1003497
1003499
1003509
1003513
1003520
1003522
1003527
1003530
1003532
1003544
1003549
1003552
1003563
1003571
1003580
1003587
1003589
1003596
1003604
1003609
1003614
1003618
1003624
1003631
1003634
1003644
1003647
1003655
1003668
1003672
1003681
1003690
1003590
1003694
1003706
1003711
1003717
1003728
1003731
1003740
1003743
1003750
1003753
1003757
1003770
1003773
1003777
1003781
1003776
1003790
1003794
1003797
1003799
1003810
1003812
1003821
1003825
1003834
1003838
1003842
1003847
1003859
1003861
1003865
1003880
1003881
1003885
1003888
1003904
1003924
1003929
1003935
1003945
1003953
1003955
1003967
1003970
1003978
1003985
1003990
1003994
1004005
1004012
1004017
1004032
1004049
1004052
1004058
1004061
1000400
1000405
1000410
1000416
1000420
1000422
1000425
1000426
1000431
1000437
1000440
1000447
1000452
1000459
1000461
1000465
1000472
1000477
1000479
1000486
1000497
1000502
1000505
1000515
1000514
1000520
1000522
1000524
1000528
1000536
1000538
1000546
1000554
1000558
1000562
1000567
1000573
1000577
1000581
1000593
1000597
1000584
1000603
1000611
1000619
1000622
1000604
1000633
1000644
1000645
1000649
1000652
1000658
1000675
1000679
1000684
1000700
1000702
1000706
1000709
1000711
1000714
1000725
1000727
1000728
1000737
1000739
1000741
1000744
1000755
1000765
1000773
1000778
1000780
1000785
1000787
1000788
1000797
1000802
1000806
1000808
1000823
1000670
1000836
1000840
1000857
1000861
1000865
1000868
1000873
1000877
1000879
1000882
1000884
1000133
1000898
1000743
1000912
1000917
1000924
1000927
1000933
1000936
1000946
1000949
1000952
1000960
1000965
1000969
1000972
1000983
1000986
1000988
1001000
1001002
1001016
1001019
1001023
1001030
1001037
1001042
1001053
1001055
1001058
1001066
1001071
1001082
1001085
1001089
1001097
1001100
1001105
1001114
1001117
1001120
1001123
1001134
1001138
1001140
1001143
1001150
1001158
1001161
1001166
1001169
1001171
1001176
1001179
1001181
1001186
1001192
1001196
1001207
1001212
1001217
1001225
1001231
1001236
1001253
1001256
1001259
1001266
1001272
1001278
1001284
1001297
1001306
1001315
1001317
1001148
1001323
1001321
1001334
1001337
1001338
1001341
1001344
1001353
1001356
1001359
1001362
1001368
1001377
1001381
1001390
1001394
1001402
1001410
1001419
1001422
1001431
1001434
1001436
1001439
1001442
1001444
1001453
1001455
1001462
1001463
1001473
1001478
1001482
1001489
