1000051
1000053
1000054
1000059
1000061
1000065
1000068
1000069
1000070
1000072
1000075
1000074
1000078
1000081
1000082
1000084
1000085
1000087
1000088
1000092
1000093
1000094
1000096
1000097
1000099
1000100
1000103
1001022
1001023
1001024
1001027
1001029
1001031
1001036
1001037
1001040
1001041
1001042
1001038
1001043
1001046
1001048
1001050
1001049
1001052
1001054
1001058
1001059
1001061
1001063
1001064
1001068
1001069
1001071
1000104
1000106
1000108
1000113
1000114
1000116
1000117
1000115
1000119
1000120
1000121
1000126
1000130
1000132
1000134
1000135
1000136
1000141
1000145
1000148
1000149
1000155
1000154
1000157
1000158
1000160
1000161
1001076
1001081
1001082
1001085
1001086
1001090
1001089
1001092
1001097
1001098
1001100
1001104
1001105
1001108
1001109
1001111
1001112
1001117
1001121
1001122
1001123
1001125
1001130
1001136
1001138
1001137
1001139
1000165
1000166
1000167
1000170
1000174
1000176
1000178
1000182
1000184
1000185
1000187
1000194
1000195
1000197
1000199
1000202
1000203
1000209
1000210
1000214
1000215
1000216
1000218
1000223
1000224
1000227
1000230
1001140
1001142
1001152
1001153
1001156
1001157
1001158
1001159
1001160
1001162
1001165
1001169
1001171
1001172
1001178
1001180
1001181
1001183
1001184
1001193
1001195
1001196
1001198
1001201
1001202
1001204
1001207
1000231
1000233
1000234
1000239
1000240
1000241
1000242
1000244
1000246
1000247
1000250
1000252
1000254
1000259
1000258
1000262
1000265
1000268
1000272
1000274
1000280
1000278
1000282
1000285
1000287
1000279
1000291
1001208
1001210
1001212
1001213
1001216
1001219
1001220
1001215
1001224
1001225
1001227
1001226
1001229
1001231
1001236
1001238
1001241
1001245
1001246
1001248
1001253
1001254
1001256
1001259
1001262
1001263
1001265
1000293
1000294
1000298
1000299
1000300
1000304
1000307
1000221
1000314
1000311
1000318
1000320
1000322
1000325
1000326
1000324
1000321
1000330
1000333
1000335
1000336
1000337
1000339
1000342
1000343
1000344
1000348
1001266
1001267
1001270
1001273
1001272
1001279
1001282
1001280
1001287
1001288
1001291
1001292
1001293
1001297
1001296
1001301
1001303
1001306
1001308
1001311
1001312
1001313
1001315
997886
1001327
1001333
1001332
1000356
1000359
1000362
1000363
1000365
1000349
1000370
1000371
1000374
1000372
1000375
1000377
1000376
1000381
1000383
1000386
1000385
1000388
1000396
1000394
1000397
1000395
1000400
1000404
1000406
1000408
1000409
1001335
1001344
1001345
1001347
1001349
1001352
1001355
1001356
1001358
1001359
1001361
1001364
1001257
1001366
1001367
1001373
1001377
1001381
1001384
1001385
1001387
1001391
1001393
1001394
1001395
1001396
1001399
1000410
1000411
1000413
1000416
1000418
1000420
1000421
1000426
1000428
1000431
1000430
1000432
1000435
1000437
1000438
1000442
1000444
1000445
1000447
1000446
1000448
1000449
1000452
1000454
1000455
1000456
1000462
1001400
1001402
1001403
1001404
1001405
1001408
1001409
1001410
1001411
1001412
1001415
1001416
1001417
1001420
1001419
1001418
1001421
1001423
1001425
1001427
1001429
1001431
1001432
1001430
1001438
1001439
1001442
1000461
1000464
1000465
1000467
1000472
1000473
1000475
1000477
1000482
1000486
1000487
1000488
1000489
1000494
1000498
1000499
1000497
1000502
1000504
1000505
1000508
1000511
1000516
1000514
1000520
1000519
1000525
998912
1001444
1001445
1001447
1001448
1001451
1001453
1001452
1001455
1001456
1001461
1001465
1001463
1001468
1001475
1001478
1001477
1001482
1001487
1001489
1001490
1001495
1001496
1001499
1001501
1001503
1001505
995896
995901
995904
995908
995918
995925
995926
995930
995938
995939
995945
995949
995953
995958
995961
995970
995974
995978
995981
995984
995985
995988
995994
995997
996000
996002
996003
996004
996018
996026
996027
996028
996031
996035
996036
996039
996040
996042
996043
996047
996050
996053
996060
996062
996064
996066
996067
996071
996072
996073
996075
996077
996081
996083
996084
996087
996086
996089
996092
996101
996106
996112
996119
996120
996125
996130
996140
996142
996144
996152
996157
996159
996172
996175
996177
996179
996181
996187
996195
996202
996211
996213
996214
996217
996221
996224
996228
996227
996233
996238
996239
996242
996243
996247
996250
996253
996261
996262
996270
996272
996277
996283
996291
996304
996305
996306
996303
996307
996309
996313
996319
996328
996331
996338
996343
996344
996347
996350
996352
996354
996357
996361
996366
996371
996377
996378
996380
996384
996383
996386
996398
996401
996404
996408
996413
996419
996415
996420
996421
996427
996429
996434
996435
996436
996433
996440
996442
996448
996450
996451
996452
996453
996454
996460
996463
996465
996466
996467
996480
996479
996484
996487
996488
996495
996494
996496
996498
996505
996509
996512
996513
996514
996529
996531
996533
996535
996540
996539
996551
996552
996555
996564
996565
996566
996567
996573
996575
996582
996587
996589
996591
996595
996598
996597
996601
996606
996609
996614
996615
996622
996624
996632
996634
996635
996638
996641
996644
996645
996646
996647
996649
996656
996657
996658
996662
996664
996665
996670
996671
996673
996679
996681
996683
996693
996696
996703
996704
996711
996713
996716
996714
996718
996727
996733
996735
996736
996740
996743
996747
996752
996751
996753
996754
996758
996760
996764
996766
996767
996769
996772
996773
996774
996775
996778
996782
996798
996801
996806
996809
996816
996818
996819
996825
996826
996827
996839
996843
996846
996848
996849
996859
996860
996865
996867
996717
996871
996874
996876
996878
996879
996880
996885
996886
996890
996895
996896
996899
996900
996902
996905
996909
996911
996913
996924
996926
996927
996929
996932
996940
996941
996943
996945
996944
996950
996949
996952
996960
996964
996968
996969
996977
996980
996983
996985
996986
996989
996992
996993
996994
996996
996999
997000
997001
997003
997004
997006
997007
997008
997010
997016
997017
997021
997025
997028
997033
997035
997037
997039
997042
997043
997045
997047
997049
997052
997054
997055
997062
997064
997066
997067
997070
997073
997075
997082
997087
997089
997094
997102
997108
997112
997110
997113
997114
997117
997121
997119
997123
997124
997125
997126
997131
997138
997139
997140
997142
997143
997150
997153
997155
997152
997158
997167
997170
997174
997176
997178
997184
997191
997195
997203
997207
997211
997213
997215
997214
997225
997227
997231
997239
997240
997244
997247
997248
997249
997251
997253
997230
997255
997264
997266
997267
997269
997271
997273
997280
997288
997294
997304
997306
997312
997319
997320
997323
997326
997327
997325
997333
997334
997335
997337
997339
997318
1000524
1000526
1000529
1000531
1000532
1000533
1000534
1000539
1000543
1000545
1000546
1000547
1000549
1000552
1000556
1000555
1000559
1000561
1000562
1000564
1000568
1000569
1000571
1000574
1000577
1000578
1000580
1000581
1000579
1000583
1000586
1000592
998240
1000596
1000597
1000584
1000600
1000602
1000606
1000612
1000613
1000605
1000611
1000616
1000620
1000619
1000624
1000629
1000604
1000630
1000634
1000635
1000641
1000648
1000651
1000652
1000653
1000655
1000662
1000661
1000656
1000666
1000667
1000672
1000673
1000674
1000678
1000679
1000680
1000681
1000682
1000683
1000685
1000689
1000690
1000695
1000697
1000700
1000699
1000701
1000702
1000704
1000708
1000709
1000710
1000717
1000718
1000719
1000720
1000721
1000722
1000724
1000725
1000726
1000727
1000733
1000734
1000738
1000739
1000740
1000742
1000744
1000747
1000751
1000753
1000754
1000755
1000766
1000769
1000771
1000778
1000779
1000783
1000785
1000787
1000782
1000788
1000789
1000793
1000794
1000796
1000798
1000800
1000802
1000795
1000807
1000808
1000809
1000812
1000813
1000818
1000823
1000822
1000824
1000670
1000825
1000826
1000828
1000830
1000834
1000836
1000840
1000843
1000846
1000848
1000854
1000855
1000856
1000858
1000859
1000861
1000863
1000865
1000866
1000869
1000871
1000873
1000872
1000875
1000877
1000880
1000882
1000888
1000892
1000133
1000898
1000899
1000907
1000908
1000909
1000912
1000917
1000918
1000919
1000920
1000921
1000922
1000924
1000925
1000928
1000930
1000931
1000939
1000942
1000944
1000945
1000946
1000951
1000957
1000958
1000966
1000965
1000967
1000968
1000971
1000972
1000975
1000976
1000977
1000978
1000983
1000984
1000986
1000987
1000988
1000989
1000990
1000994
1000997
1001000
1000999
1001001
1001002
1001018
1001020
1001021
997342
997346
997347
997356
997357
997358
997361
997363
997364
997366
997370
997372
997376
997377
997383
997386
997394
997397
997399
997401
997402
997404
997405
997406
997409
997413
997415
997418
997420
997425
997428
997430
997431
997432
997434
997435
997443
997448
997449
997452
997453
997454
997456
997458
997459
997460
997467
997468
997472
997474
997475
997476
997477
997482
997469
997488
997492
997491
997494
997496
997498
997499
997503
997505
997507
997510
997512
997513
997515
997519
997521
997522
997523
997524
997526
997527
997528
997529
997535
997539
997545
997547
997548
997552
997553
997557
997556
997560
997569
997572
997574
997573
997576
997579
997583
997586
997592
997593
997595
997601
997604
997608
997606
997613
997616
997618
997621
997623
997625
997626
997629
997632
997636
997640
997639
997641
997647
997649
997653
997658
997660
997663
997662
997664
997668
997670
997672
997673
997675
997677
997676
997674
997679
997681
997685
997687
997691
997478
997693
997695
997697
997698
997699
997702
997703
997705
997706
997707
997709
997710
997712
997711
997708
997716
997718
997719
997722
997723
997725
997726
997727
997728
997732
997731
997734
997733
997735
997737
997739
997741
997745
997746
997744
997748
997750
997751
997753
997755
997758
997759
997760
997754
997761
997763
997764
997766
997767
997768
997770
997773
997774
997776
997778
997781
997782
997784
997788
997789
997799
997801
997802
997804
997806
997807
997810
997811
997812
997813
997816
997815
997817
997819
997820
997822
997823
997824
997825
997828
997829
997833
997836
997837
997838
997839
997840
997844
997846
997847
997842
997849
997851
997857
997858
997863
997866
997869
997872
997873
997874
997875
997878
997882
997883
997887
997895
997898
997899
997900
997903
997904
997905
997910
997913
997914
997916
997918
997919
997922
997924
997925
997926
997927
997929
997930
997931
997932
997935
997938
997939
997940
997942
997946
997947
997950
997953
997954
997957
997958
997961
997962
997963
997969
997970
997974
997975
997978
997977
997979
997981
997982
997984
997985
997986
997987
997988
997989
997990
997991
997992
997995
997998
998002
998003
998004
998006
998007
998008
998011
998015
998016
998018
998020
998021
998023
998024
998025
998028
998030
998031
998033
998036
998037
998038
998041
998043
998044
998046
998047
998049
998050
998051
998052
998058
998059
998064
998069
998070
998075
998077
998080
998081
998082
998084
998085
998086
998088
998089
998090
998093
998095
998097
998101
998102
998104
998107
998108
998110
998114
998116
998117
998121
998123
998126
998129
998130
998131
998134
998135
998137
998138
998139
998141
998142
998147
998148
998153
998158
998159
998164
998166
998168
998169
998170
998173
998174
998175
998176
998182
998098
998183
998186
998189
998190
998193
998194
998195
998196
998199
998200
998202
998204
998206
998208
998209
998211
998213
998215
998216
998220
998221
998223
998218
998224
998226
998231
998233
998232
998236
998239
998244
998246
998247
998248
998249
998250
998251
998254
998255
998256
998257
998258
998259
998261
998262
998263
998265
998266
998267
998269
998268
998271
998272
998275
998278
998279
998281
998282
998283
998287
998288
998290
998289
998291
998295
998297
998299
998300
998301
998302
998303
998305
998307
998308
998309
998311
998314
998316
998318
998320
998321
998322
998325
998328
998332
998335
998333
998336
998338
998341
998342
998343
998344
998348
998350
998349
998352
998355
998357
998359
998360
998361
998363
998364
998365
998366
998368
998369
998370
998371
998373
998375
998379
998381
998382
998386
998387
998391
998394
998395
998396
998397
998398
998401
998400
998402
998403
998405
998408
998410
998411
998413
998414
998415
998416
998420
998422
998423
998425
998428
998426
998429
998431
998433
998432
998439
998441
998443
998444
998442
998445
998446
998449
998452
998455
998457
998460
998465
998466
998467
998468
998470
998473
998474
998477
998478
998484
998483
998486
998487
998489
998492
998493
998495
998498
998497
998499
998501
998503
998505
998506
998507
998508
998510
998511
998513
998515
998516
998518
998519
998521
998522
998524
998525
998532
998535
998537
998539
998540
998541
998543
998544
998547
998548
998549
998550
998551
998553
998557
998561
998563
998565
998564
998566
998567
998569
998573
998574
998578
998579
998580
998586
998587
998588
998592
998595
998597
998599
998600
998607
998609
998611
998612
998613
998614
998615
998616
998618
998619
998620
998621
998622
998626
998627
998628
998630
998634
998635
998636
998637
998638
998639
998641
998643
998646
998652
998653
998654
998655
998656
998658
998660
998661
998662
998665
998668
998670
998671
998673
998675
998674
998679
998682
998683
998685
998690
998691
998693
998696
998697
998701
998706
998709
998710
998713
998715
998718
998717
998727
998729
998730
998738
998740
998742
998731
998747
998748
998750
998751
998752
998760
998762
998763
998766
998769
998772
998776
998777
998784
998787
998791
998792
998793
998794
998795
998796
998797
998800
998801
998803
998804
998805
998806
998807
998809
998811
998812
998813
998816
998817
998818
998822
998823
998825
998826
998834
998835
998837
998836
998839
998840
998841
998844
998845
998847
998848
998850
998855
998857
998856
998859
998860
998863
998866
998868
998869
998872
998873
998877
998884
998882
998888
998892
998893
998895
998896
998898
998901
998903
998904
998906
998905
998913
998917
998921
998922
998925
998930
998929
998931
998935
998937
998936
998938
998940
998942
998944
998948
998949
998950
998955
998956
998959
998960
998961
998966
998970
998969
998972
998974
998979
998981
998978
998986
998987
998988
998990
998991
997254
998995
998996
998998
999000
999003
999004
999008
999009
999010
999012
999019
999024
999029
999031
999033
999034
999035
999036
999037
999038
999043
999045
999046
999047
999050
999055
999058
998699
999060
999061
999068
999072
999071
999073
999076
999075
999062
999078
999082
999080
999084
999085
999088
999089
999100
999101
999103
999104
999105
999106
999107
999108
999111
999116
999117
999118
999121
999119
999122
999123
999126
999128
999132
999133
999134
999130
999136
999137
999138
999142
999147
999148
999155
999156
999163
999164
999167
999168
999170
999175
999174
999179
999180
999182
999183
999187
999188
999191
999192
999194
999195
999199
999201
999202
999204
999205
999210
999211
999213
999215
999217
999218
999221
999220
999223
999224
999225
999227
999229
999231
999230
999234
999236
999237
999239
999242
999245
999247
999250
999254
999256
999257
999258
999259
999262
999263
999260
999265
999266
999267
999268
999269
999272
999273
999275
999277
999280
999279
999282
999285
999287
999290
999293
999296
999295
999298
999300
999302
999305
999306
999309
999311
999312
999314
999317
999320
999323
999324
999322
999326
999325
999329
999330
999332
999333
999338
999339
999341
999343
999342
999349
999351
996925
999356
999357
999360
999362
999364
999365
999367
999368
999370
999371
999376
999379
999381
999380
999384
999387
999392
999398
999399
999404
999405
999408
999409
999411
999412
999415
999418
999420
999421
999422
999423
999425
999430
999433
999438
999439
999441
999444
999448
999449
999451
999454
999459
999460
999462
999463
999467
999468
999471
999472
999476
999477
999478
999479
999481
999487
999489
999490
999491
999492
999495
999500
999499
999503
999504
999506
999505
999436
999509
999513
999518
999519
999520
999523
999524
999521
999522
999528
999529
999532
999534
999535
999538
999542
999544
999547
999550
999553
999554
999556
999557
999551
999559
999560
999566
999568
999569
999570
999571
999572
999578
999579
999581
999582
999584
999587
999588
999585
999591
995150
995156
995165
995166
995167
995169
995175
995176
995178
995184
995186
995190
1001506
1001510
1001511
1001513
1001514
1001515
1001518
1001519
1001521
1001525
1001526
1001530
1001532
1001533
1001531
1001537
1001534
1001538
1001545
1001550
1001549
1001552
1001554
1001559
1001563
1001565
1001569
1001568
1001570
1001572
1001574
1001575
1001577
1001587
1001590
1001596
1001597
1001600
1001604
1001601
1001605
1001609
1001610
1001616
1001620
998659
1001623
1001624
1001625
1001629
1001632
1001633
1001634
1001637
995193
995198
995199
995200
995201
995207
995210
995212
995223
995226
995237
995243
995249
995203
995266
995275
995282
995284
995287
995292
995294
995295
995296
995299
995300
995304
995305
1001641
1001639
1001645
1001647
1001648
1001649
1001650
1001651
1001652
1001653
1001661
1001665
1001667
1001668
1001670
1001674
1001677
1001679
1001681
1001684
1001685
1001686
1001688
1001694
1001695
1001696
1001703
995307
995316
995319
995320
995324
995323
995337
995339
995340
995346
995357
995358
995361
995368
995369
995370
995375
995377
995376
995378
995382
995383
995387
995395
995396
995399
995401
1001708
1001714
1001716
1001717
1001719
1001721
1001722
1001724
1001729
1001731
1001734
1001735
1001738
1001739
1001741
1001742
1001744
1001745
1001746
1001749
1001752
1001748
1001754
1001756
1001757
1001758
1001760
995418
995426
995432
995437
995446
995448
995449
995456
995457
995458
995460
995463
995476
995478
995481
995484
995492
995500
995505
995506
995512
995513
995515
995525
995538
995550
995551
1001761
1001763
1001764
1001766
1001767
1001772
1001773
1001774
1001775
1001778
1001777
1001779
1001780
1001784
1001786
1001788
1001790
1001791
1001793
1001795
1001796
1001799
1001800
1001806
1001805
1001811
1001812
995568
995570
995572
995579
995581
995590
995592
995596
995599
995604
995621
995632
995636
995640
995646
995652
995656
995665
995666
995679
995683
995686
995703
995709
995712
995713
995714
1001814
1001819
1001820
1001824
1001828
1001830
1001831
1001832
1001829
1001837
1001839
1001842
1001844
1001833
1001845
1001849
1001850
1001851
1001852
1001856
1001862
1001864
1001869
1001870
1001873
1001874
1001876
995716
995715
995723
995728
995729
995732
995741
995743
995747
995751
995753
995752
995742
995760
995761
995762
995772
995773
995775
995776
995787
995788
995793
995797
995798
995802
995803
1001878
1001879
1001880
1001883
1001885
1001887
1001888
1001890
1001891
1001903
1001902
1001905
1001907
1001909
1001912
1001914
1001916
1001917
1001918
1001919
1001920
1001921
1001923
1001924
1001929
1001928
1001932
995807
995818
995828
995830
995836
995839
995843
995847
995848
995849
995850
995854
995855
995857
995861
995865
995866
995869
995871
995872
995879
995880
995882
995883
995887
995889
995894
1001934
1001937
1001938
1001940
1001939
1001941
1001930
1001943
1001945
1001946
1001948
1001942
1001949
1001950
1001951
1001953
1001955
1001957
1001962
1001963
1001964
1001967
1001973
1001975
1001976
1001977
1001978
1002580
1002585
1002583
1002588
1002593
1002597
1002602
1002604
1002605
1002601
1002600
997296
1002610
1002613
1002621
1002620
1002622
1002623
1002625
1002627
1002629
1002632
1002631
1002630
1002636
1002641
1002643
1000948
1002649
1002655
1002667
1002666
1002670
1002677
1002682
1002685
1002686
1002690
1002691
1002692
1002693
1002695
1002697
1002698
1002699
1002683
1002701
1002705
1002706
1002715
1002717
1002718
1002711
1002725
1002727
1002728
1002732
1002737
1002734
1002741
1002735
1002742
1002747
1002760
1002765
1002768
997281
1002774
1002775
1002776
1002778
1002777
1002779
1002781
1002786
1002792
1002793
1002800
1002802
1002791
1002808
1002815
1002814
1002817
1002829
1002831
1002832
1002833
1002835
1002838
1002837
1002840
1002844
1002841
1002846
1002845
1002858
1002860
1002869
1002871
1002874
1002876
1002879
1002877
1002883
1002885
1002878
1002889
1002888
1002890
1002892
1002896
1002893
1002898
1002899
1002901
1002903
1002907
1002916
1002912
1002915
1002917
1002918
1002920
1002923
1002927
1002926
1002928
1002933
1002934
1002931
1002942
1002943
1002950
1002955
1002960
1002963
1002962
1002965
1002967
1002968
1002964
1002971
1002979
1002981
1002983
1002984
1002986
1002987
1002989
1002992
1002991
1002994
1002997
1003002
1003000
1003003
1003004
1003005
1003006
1003010
1003011
1003013
1003014
1003015
1003016
1003017
1003019
1003018
1003026
1003027
1003031
1003038
1003044
1003048
1003049
1003055
1003050
1003062
1003060
1003070
1003072
1003076
1003075
1003078
1003080
1003081
1003082
1003084
1003085
1003093
1003094
1003097
1003098
1003100
1003101
1003104
1003106
1003112
1003114
1003115
1003111
1003117
1003118
1003122
1003128
1003144
1003145
1003147
1003150
1003149
1003156
1003152
1003158
1003162
1003169
1001980
1001981
1001992
1001997
1001999
1002001
1002002
1002006
1002010
1002013
1002014
1002021
1002024
1002025
1002022
1002015
1002035
1002034
1002036
1002037
1002041
1002044
1002045
1002047
1002048
1002051
1002052
1002056
1002066
1002069
1002071
1002077
1002043
1002082
1002083
1002086
1002088
1002089
1002091
1002093
1002095
1002097
1002098
997201
1002106
1002108
1002110
1002111
1002113
1002115
1002117
1002121
1002122
1002123
1002130
1002132
1002134
1002138
1002139
1002140
1002143
1002150
1002153
1002154
1002159
1002160
1002163
1002164
1002168
1002173
1002178
1002179
1002185
1002182
1002187
1002189
1002199
1002197
1002200
1002202
1002207
1002208
1002211
1002215
1002219
1002221
1002223
1002224
1002227
1002229
1002230
1002232
1002233
1002236
1002237
1002243
1002245
1002248
1002250
1002251
1002253
1002255
1002257
1002260
1002262
1002263
1002264
1002267
1002266
1002272
1002273
1002270
1002279
1002280
1002261
1002286
1002291
1002293
1002294
1002300
1002306
1002307
1002309
1002311
1002313
1002314
1002315
1002316
1002320
1002317
1002326
1002328
1002329
1002330
1002337
1002341
1002342
1002343
1002347
1002349
1002350
1002355
1002357
1002361
1002352
1002365
1002370
1002374
1002379
1002381
1002376
1002383
1002384
1002388
1002389
1002395
1002396
1002399
1002404
1002412
1002421
1002420
1002423
1002428
1002429
1002433
1002438
1002434
1002444
1002447
1002451
1002454
1002457
1002464
1002469
1002465
1002472
1002475
1002485
1002484
1002467
1002488
1002489
1002436
1002491
1002494
1002497
1002499
1002500
1002502
1002506
1002507
1002512
1002514
1002515
1002517
1002519
1002521
1002522
1002533
1002539
1002542
1002543
1002546
1002547
1002548
1002550
1002554
1002555
1002556
1002557
1002568
1002569
1002570
1002576
1002577
999593
999595
999596
999598
999604
999600
999606
999603
999602
999597
999612
999613
999614
999615
999616
999622
999623
999625
999628
999627
999629
999630
999632
999634
999637
999641
999647
999650
999651
999654
999656
999657
999658
999659
999662
999663
999664
999669
999670
999672
999673
999677
999678
999679
999681
999685
999687
999688
999689
999693
999698
999699
999701
999702
999705
999709
999711
999682
999712
995801
999713
999717
999720
999721
999723
999724
999728
999730
999725
999732
999737
999738
999740
999743
999745
999747
999748
999750
999753
999756
999755
999759
999773
999772
999774
999775
999776
999777
999778
999780
999781
999782
999783
999784
999789
999790
999792
999793
999798
999801
999803
999804
999806
999809
999810
999811
999813
999817
999818
999822
999816
999824
999826
999828
999830
999829
999833
999837
999840
999843
999842
999845
999848
999849
999850
999859
999862
999863
999864
999866
999865
999867
999868
999870
999871
999872
999874
999877
999878
999881
999883
999889
999890
999891
999893
999895
999894
999896
999897
999901
999902
999906
999910
999912
999907
999913
999914
999915
999918
999919
999926
999928
999930
999936
999944
999942
999945
999940
999946
999952
999954
999957
999960
999961
999962
999968
999969
999971
999973
999975
999976
999977
999980
999979
999983
999982
999981
999984
999985
999987
999988
999990
999986
999992
999995
999996
1000004
1000009
1000012
1000014
1000016
1000017
1000021
1000027
1000028
1000031
1000033
1000034
1000037
1000039
1000041
1000042
1000043
1000044
1000046
1000049
1003171
1003176
1003181
1003183
1003182
1003184
1003188
1003187
1003189
1003193
1003192
1003178
1003197
1003202
1003201
1003204
1003207
1003209
1003212
1003221
1003223
1003226
1003227
1003243
1003242
1003257
1003249
1003269
1003272
1003273
1003271
1003274
1003283
1003292
1003291
1003299
1003301
1003313
1003318
1003321
1003325
1003329
1003347
1003353
1003360
1003358
1003363
1003366
1003368
1003369
1003374
1003378
1003382
1003384
1003385
1003386
1003387
1003392
1003397
1003405
1003402
1003408
1003412
1003415
1003417
1003419
1003398
1003421
1003429
1003431
1003441
1003443
1003455
1003473
1003475
1003485
1003483
1003484
1003487
1003488
1003497
1003499
1003501
1003502
1003509
1003513
1003514
1003520
1003523
1003522
1003528
1003533
1003544
1003551
1003552
1003557
1003554
1003556
1003560
1003561
1003563
1003565
1003569
1003580
1003581
1003598
1003609
1003614
1003618
1003626
1003631
1003648
1003664
1003666
1003668
1003672
1003682
1003685
1003687
1003691
1003590
1003708
1003706
1003712
1003716
1003725
1003749
1003748
1003757
1003758
1003769
1003775
1003780
1003776
1003794
1003799
1003815
1003850
1003860
1003862
1003864
1003881
1003888
1003889
1003895
1003909
1003924
1003929
1003933
1003944
1003949
1003961
1003964
1003968
1003982
1003980
1003987
1004000
1004017
1004022
1004042
1004049
1003870
1004055
1004063
1004065
1004072
1004085
1004090
1004103
1004112
1004118
1004145
1004146
1004157
1004174
1003820
1004186
1004195
1004211
1004213
1004219
1004226
1004268
1004276
1235512
1235512
1235512
