945238
945236
945249
945251
945255
945264
940405
945268
945273
945272
945270
945280
945283
945288
945298
945299
945293
945302
945303
945295
945315
945317
945313
945328
945332
945337
945338
959694
959695
959701
959700
959702
959453
959709
959706
959610
959712
959713
959715
959714
959717
959716
959719
959721
959723
959728
959730
959733
959220
959735
959736
959737
959742
959748
945340
945347
945351
945355
945359
945363
945365
945369
945376
945380
945383
945393
945392
945396
945395
945399
945398
945404
945403
945402
945413
945429
945432
945368
945438
945417
945441
959747
959750
959751
959752
959753
959749
959741
959758
959760
959743
959763
959767
959764
959766
959772
959777
959770
959779
959781
959782
959786
959783
959784
959787
959793
959794
959785
945440
945443
945447
945448
945450
945451
945452
945456
945460
945461
945462
945471
945472
945478
945477
945481
945483
945485
945484
945480
945486
945493
945498
945488
945503
945513
945515
959791
959790
959799
959797
959802
959801
959803
959800
959798
959590
959809
959810
959811
959813
959817
959806
959816
959818
959821
959823
959824
959822
959827
959828
959831
959780
959833
945518
945522
945521
945519
945523
945524
945526
945528
945531
945535
945537
945540
945541
945544
945545
945547
945549
945548
945546
945556
945557
945560
945561
945567
945569
945570
945573
959841
959842
959844
959852
959853
959856
959857
959859
959862
959867
959868
959870
959872
959873
959875
959858
959861
959878
959879
959880
959883
959889
959894
959886
959892
959890
959895
945572
945578
945580
945582
945589
945586
945594
945596
945598
945597
945605
945608
945611
945614
945613
945622
945624
945626
945630
945628
945629
945623
945627
945635
945640
945642
945646
959904
959906
959907
959905
959914
959913
959917
959919
959921
959922
959923
959925
959929
959928
959932
959937
959934
959940
959938
959941
959939
959942
959944
959943
959947
959948
959950
945648
945649
945652
945654
945467
945661
945662
945663
945664
945665
945666
945671
945670
945673
945675
945674
945682
945683
945678
945694
945695
945699
945705
945708
945711
945712
945719
959951
959952
959954
959955
959956
959958
959959
959964
959962
959965
959967
959970
959720
959974
959977
959976
959979
959980
959984
959985
959990
959982
959981
959994
959732
959997
959998
945722
945725
945727
945512
945731
945735
945742
945741
945746
945748
945747
945749
945753
945754
945758
945762
945707
945769
945784
945782
945783
945786
945787
945789
945791
945797
945808
960001
960002
960005
960006
959999
960011
960010
960013
960014
960015
960016
960019
960018
960020
960023
960025
960024
960026
960027
960032
960034
960036
960037
960046
960052
960054
960048
945807
945809
945810
945811
945813
945819
945820
945821
945818
945822
945827
945829
945830
945831
945834
945841
945838
945851
945857
945861
945862
945863
945871
945882
945884
945887
945890
960055
960056
960057
960060
960065
960066
960074
960071
960078
960073
960079
960081
960082
960090
960092
960094
960098
959991
960100
960097
960102
960105
960108
960110
960093
960115
960116
945893
945888
945892
945895
945897
945905
945908
945913
945915
945918
945922
945924
945928
945930
945934
945956
945959
945963
945965
945970
945972
945954
945976
945983
945990
945994
945993
960118
960122
960119
960123
960129
960125
960130
960133
960132
960134
960135
960136
960138
960141
960142
960140
960144
960146
960148
960149
960150
960153
960152
960156
960154
960157
960158
946000
946002
946005
946015
946023
946025
946026
946036
946033
946014
946040
946045
946046
946049
946051
946054
946059
946063
946062
946064
945812
946076
946085
946087
946091
946093
946089
960160
960163
960165
960167
960162
960169
960170
960172
960173
960176
960178
960181
960177
960187
960188
960145
960192
960193
960197
960202
960203
960201
960204
960205
960206
960207
960209
946097
946099
946100
946092
946112
946109
946123
946125
946126
946127
946135
946136
946138
946137
946141
946143
946145
946147
946148
946151
946155
946157
946158
946171
946166
946172
946178
960211
960212
960190
960216
960218
960220
960217
960223
960227
960229
960230
960234
960235
960239
960237
960243
960244
960246
960238
960247
960249
960248
960250
960251
960257
960259
960260
946179
946189
946190
946191
946193
946195
946196
946187
946199
946201
946205
946194
946207
946209
946218
946219
946217
946225
946224
946229
946231
946230
946236
946239
946244
946258
946262
960261
960263
960264
960266
960269
960271
960274
960272
960273
960275
960270
960282
960284
960280
960283
960288
960289
960281
960285
960290
960295
960296
960301
960300
960304
960303
960302
946268
946274
946279
946283
946288
946294
946295
946304
946305
946306
946313
946317
946324
946322
946325
946338
946343
946346
946351
946356
946354
946355
946366
946367
946374
946377
946376
960305
960306
960309
960307
960308
960318
960320
960321
960326
960322
960323
960329
960330
960328
960331
960333
960336
960335
960343
960340
960348
960351
960350
960353
960354
960357
960356
946383
946390
946391
946392
946394
946395
946399
946403
946404
946412
946417
946419
946415
946424
946428
946427
946431
946435
946440
946444
946445
946446
946447
946442
946450
946452
946454
960358
960360
960359
960365
960362
960366
960370
960372
960374
960377
960380
960385
960386
960388
960393
960394
960395
960400
960399
960396
960401
960404
960412
960411
960418
960417
960421
946455
946459
946465
946463
946467
946470
946471
946469
946474
946477
946478
946482
946489
946493
946498
946496
946504
946506
946513
946514
946517
946521
946529
946527
946531
946533
946535
960423
960425
960426
960428
960430
960432
960434
960435
960436
960437
960439
960442
960443
960444
960445
960450
960451
960457
960456
960452
960458
960446
960461
960460
960464
960465
960466
927681
927965
931008
931357
931366
946538
946541
946548
946546
931755
946552
946557
946559
946558
946562
946565
946566
946569
946576
946577
946581
946583
946585
946586
946588
946589
946591
946593
946594
946599
946601
946604
960469
960467
960468
960470
960473
960475
960474
960478
960477
960479
960480
960482
960483
960484
960485
960486
960489
960487
960488
960490
960491
960492
960495
960496
960498
960501
960499
946611
946597
946613
946612
946619
946620
946627
946623
946631
946632
946634
946637
946642
946645
946652
946655
946657
946659
946661
946664
946658
946670
946676
946679
946681
946684
946685
946688
946689
946691
946693
946697
946700
946703
946706
946710
946712
946711
946716
946717
946724
946726
946732
946733
946734
946737
946743
946745
946749
946747
946754
946759
946761
946764
946766
946768
946769
946767
946773
946777
946776
946780
946785
946791
946801
946799
946804
946803
946807
946808
946822
946828
946830
946831
946835
946834
946838
946842
946848
946860
946859
946873
946874
946880
946876
946882
946870
946886
946890
946892
946887
946872
946897
946900
946899
946904
946905
946907
946908
946916
946922
946928
946934
946932
946937
946939
946943
946945
946957
946965
946950
946960
946968
946969
946971
946979
946985
946982
946989
946994
946990
946993
946996
946991
947000
947011
947004
947013
947017
947025
947022
947027
947033
947038
947044
947063
947069
947072
947071
947076
947089
947094
947097
947098
947100
947104
947110
947111
947115
947118
947122
947123
947129
947132
947131
947147
947150
947157
947146
947162
947160
947167
947174
947179
947190
947184
947193
947194
947201
947203
947206
947215
947216
947219
947221
947229
947226
947233
947173
947242
947245
947248
947254
947247
947258
947259
947262
947263
947267
947269
947276
947277
947283
947287
947289
947290
947292
947291
947311
947310
947312
947313
947207
947317
947319
947315
947323
947324
947327
947330
947335
947338
947337
947341
947340
947343
960502
960504
960506
960513
960514
960518
960520
960517
960521
960525
960526
960528
960533
960534
960531
960530
960537
959935
960540
960545
960544
960546
960548
960551
960554
960553
960557
960558
960560
960561
960549
960562
960563
960566
960564
960567
960573
960569
960572
960575
960578
960577
960580
960587
960584
960589
960588
960590
960591
960543
960594
960592
960597
956076
960598
960593
960600
960602
960603
960606
960607
960608
960611
960622
960619
960623
960628
960629
960630
960627
960632
960634
960637
960636
960642
960645
960647
960649
960648
960650
960658
960662
960663
960661
960666
960667
960671
960674
960678
960680
960682
960686
960679
960689
960688
960690
960692
960693
960696
960697
960126
960706
960704
960707
960702
960716
960715
960719
960721
960722
960725
960720
960723
960727
960729
960731
960732
960734
960735
960740
960739
960738
960741
960744
960747
960748
960737
960750
960751
960730
960752
960758
960756
960762
960764
960763
960766
960769
960771
960772
960774
960775
960780
960779
960781
960782
960786
960789
960791
960794
960797
960792
960795
960798
960799
960802
960803
960809
960810
960805
960811
960813
960815
960818
960819
960823
960824
960825
960827
960832
960833
960836
960837
960840
960839
960842
960841
960845
960851
960856
960857
960858
960863
960862
960864
960868
960867
960871
960870
960874
960876
960878
960877
960879
960882
960885
960886
960890
960887
960880
960891
960881
960893
960894
960896
960899
960898
960903
960905
960911
960912
960914
960917
960924
960922
960926
947346
947349
947351
947355
947354
947361
947364
947366
947368
947369
947370
947378
947240
947385
947384
947388
947375
947405
947404
947406
947411
947416
947428
947429
947425
947432
947427
960927
960928
960920
960932
960923
960933
960935
960913
960934
960936
960941
960944
960946
960947
960948
960952
960953
960954
960955
960956
960959
960962
960961
960963
960965
960968
960969
931374
931376
931378
931381
931384
931388
931390
931393
931405
931408
931414
931423
931425
931432
931436
931437
931439
931446
931454
931461
931463
931459
931468
931474
931477
931478
931480
947436
947437
947438
947444
947445
947448
947453
947457
947459
947461
947464
947471
947472
947476
947477
947481
947483
947482
947485
947480
947484
947487
947489
947495
947497
947498
947491
960970
960973
960971
960976
960978
960987
960983
960991
960994
960998
961001
961003
961002
961005
961007
961008
961009
961017
961018
961015
961022
961025
961027
961026
961028
961035
961033
931486
931489
931490
931491
931493
931497
931498
931510
931517
931521
931522
931523
931525
931526
931532
931538
931540
931541
931560
931582
931587
931592
931603
931605
931610
931622
931624
947499
947507
947504
947508
947511
947510
947513
947512
947515
947518
947523
947525
947529
947527
947532
947533
947526
947531
947535
947505
947538
947543
947547
947541
947552
947558
947559
961039
961036
961041
961042
961043
961049
961048
961040
961051
961053
961057
961059
961058
960768
961062
961063
961067
961065
961070
961074
961076
961078
961084
961083
961089
961088
961091
931625
931626
931659
931662
931673
931672
931683
931686
931685
931690
931695
931697
931701
931703
931704
931716
931724
931727
931732
931735
931736
931737
931740
931744
931750
931751
931770
947556
947566
947567
947565
947568
947573
947575
947576
947582
947591
947592
947596
947595
947593
947594
947599
947601
947605
947603
947615
947618
947619
947621
947623
947631
947632
947635
961093
961080
961094
961095
961097
961102
961103
961104
961106
961107
961108
961109
961115
961112
961118
961120
961122
961127
961129
961128
961132
961131
961133
961147
961144
961145
961148
931778
931782
931785
931789
931795
931793
931798
931818
931819
931821
931756
931832
931763
931847
931851
931854
931856
931857
931858
931860
931864
931868
931874
931876
931879
931884
931886
947640
947643
947644
947650
947647
947652
947656
947666
947674
947673
947677
947679
947681
947682
947685
947690
947697
947700
947698
947699
947706
947708
947598
947717
947727
947726
947728
961150
961152
961155
961156
961153
961159
961163
961162
961166
961167
961168
961171
961172
961176
961177
961180
961185
961186
961187
961191
961189
961193
961196
961198
961197
961201
961203
931887
931895
931898
931901
931904
931907
931912
931916
931918
931923
931924
931925
931928
931929
931930
931933
931936
931938
931943
931945
931951
931957
931959
931960
931961
931970
931972
947733
947731
947737
947735
947741
947722
947743
947742
947744
947745
947751
947771
947774
947775
947779
947788
947794
947792
947800
947803
947810
947811
947812
947816
947829
947834
947840
961202
961208
961206
961212
961214
961213
961216
961219
961220
961211
961224
961225
961226
961229
961231
961195
961233
961234
961236
961238
961239
961240
961245
961247
961248
961249
961250
931974
931987
931988
931989
931991
931996
932000
932006
932012
932014
932019
932021
932023
932026
932028
932033
932038
932039
932053
932054
932058
932060
932065
932071
932081
932082
932084
947845
947847
947844
947852
947854
947856
947858
947863
947861
947862
947876
947832
947887
947883
947892
947897
947899
947902
947901
947905
947906
947903
947907
947908
947909
947916
947922
961251
961252
961253
961254
961255
961256
961257
961258
961260
961261
961263
961265
961266
961267
961269
961270
961271
961274
961277
961279
961280
961281
961282
961283
961284
961285
961242
932085
932088
932092
932094
932097
932100
932106
932110
932123
932125
932129
932132
932138
932143
932153
932152
932163
932174
932179
932181
932183
932186
932188
932192
932197
932205
932209
947925
947927
947926
947930
947928
947934
947940
947946
947954
947962
947966
947965
947971
947977
947979
947983
947870
947989
947991
948002
948001
948005
948003
948009
948016
948018
948022
961286
961287
961288
961292
961294
961295
961296
961302
961303
961304
961306
961307
961309
961310
961312
961315
961316
961318
961319
961320
961321
961323
961324
961325
961329
961330
961328
948026
948024
948032
948041
948040
948044
948047
948055
948054
948059
948063
948061
948067
948080
948081
948082
948083
948085
948093
948091
948099
948102
948112
948115
948121
948027
948124
961331
961332
961335
961336
961337
961342
961343
961344
961345
961346
961347
961349
961351
961352
961354
961355
961356
961357
961359
961360
961363
961364
961365
961366
961367
961368
961369
948122
948133
948126
948134
948132
948128
948131
948138
948141
948146
948147
948150
948152
948159
948163
948162
948160
948164
948168
948165
948171
948180
948182
948185
948190
948197
948205
961371
961372
961374
961375
961376
961377
961378
961379
961380
961381
961382
961384
961385
961386
961387
961390
961391
961392
961394
961395
961396
961400
961401
961402
961403
961405
961407
948202
948209
948210
948211
948213
948219
948225
948229
948230
948228
948232
948235
948216
948244
948251
948250
948252
948242
948256
948261
948262
948266
948270
948273
948276
948282
948286
961406
961408
961409
961410
961412
961413
961414
961417
961420
961422
961423
961425
961426
961427
961428
961430
961431
961432
961433
961434
961435
961436
961437
961439
961442
961443
961444
948280
948289
948290
948297
948301
948304
948310
948318
948316
948321
948322
948328
948327
948330
948331
948336
948338
948340
948332
948344
948342
948346
948349
948360
948359
948362
948314
961447
961448
961449
961450
961451
961453
961455
961456
961457
961458
961460
961459
961461
961465
961467
961468
961469
961471
961472
961475
961476
961477
961481
961480
961482
961483
961484
948364
948366
948367
948365
948370
948377
948380
948386
948387
948393
948396
948399
948404
948405
948406
948416
948422
948424
948437
948440
948446
948448
948447
948454
948457
948455
948464
961489
961490
961492
961494
961496
961497
961499
961500
961501
961502
961503
961505
961506
961507
932122
961509
961511
961512
961513
961515
961516
961518
961519
961520
942472
961521
961523
948466
948467
948469
948476
948479
948428
948487
948488
948490
948491
948495
948485
948507
948513
948511
948514
948522
948523
948527
948529
948532
948533
948536
948296
948543
948546
948537
961524
961526
961528
961529
961530
961531
961532
961533
961534
961535
961536
961537
961538
961539
961540
961548
961549
961551
961552
961553
961555
961556
961557
961559
961560
961561
961562
948547
948552
948549
948551
948556
948559
948558
948570
948568
948572
948571
948580
948578
948579
948583
948258
948585
948587
948591
948597
948608
948609
948610
948612
948625
948622
948626
961565
961563
961568
961569
961570
961573
961575
961574
961576
961577
961578
961580
961582
961583
961586
961585
961588
961592
961596
961597
961598
961600
961602
961603
961604
961605
961607
948623
948635
948644
948646
948631
948648
948647
948656
948653
948657
948650
948662
948663
948665
948664
948669
948671
948584
948675
948680
948679
948683
948695
948694
948697
948696
948700
961608
961609
961612
961613
961614
961615
961616
961617
961618
961619
961620
961622
961623
961625
961626
961627
961628
961629
961630
961633
961634
961635
961637
961638
961640
961641
961642
948705
948709
948710
948714
948716
948718
948619
948719
948721
948724
948720
948725
948729
948731
948735
948738
948739
948717
948751
948743
948765
948768
948772
948775
948778
948780
948774
961644
961647
961645
961648
961649
961651
961652
961653
961654
961656
961658
961660
961663
961664
961667
961668
961669
961674
961676
961677
961678
961680
961685
961686
961689
961690
961692
948787
948792
948794
948798
948788
948805
948803
948806
948808
948816
948817
948818
948814
948825
948828
948833
948829
948838
948851
948855
948860
948864
948867
948865
948872
948862
948876
961693
961698
961700
961699
961701
961702
961703
961704
961705
961706
961707
961708
961710
961711
961713
961709
961714
961712
961716
961719
961721
961722
961723
961729
961730
961731
961732
948881
948883
948885
948887
948891
948890
948892
948895
948896
948894
948898
948899
948914
948912
948924
948926
948918
948929
948935
948931
948936
948938
948941
948942
948943
948945
948946
961733
961734
961735
961737
961736
961738
961739
961741
961743
961744
961748
961749
961750
961751
961753
961755
961756
961757
961758
961761
961760
961762
961763
961765
961764
961772
961770
948950
948951
948959
948964
948963
948962
948965
948969
948972
948974
948980
948983
948988
948985
948989
949002
948984
948996
949004
949007
949009
949012
949008
949014
949019
949018
949015
961775
961776
961778
961779
961782
961784
961785
961787
961788
961789
961790
961791
961794
961795
961796
961797
961799
961798
961800
961801
961802
961803
961805
961807
961812
961813
961814
949029
949036
949043
949045
949053
949057
949048
949056
949063
949065
949066
949071
949074
949076
949078
949084
949086
949091
949097
949100
949096
949108
948748
949110
949103
949112
949111
961815
961816
961819
961818
961821
961822
961823
961824
961825
961826
961827
961828
961830
961831
961832
961836
961833
961835
961837
961839
961838
961841
961842
961844
951791
961846
961849
949115
949120
949129
949131
949135
933283
949138
949140
949145
949147
949149
949150
949155
949153
949156
949160
949163
949169
949170
949181
949179
949185
949187
949193
949189
949195
949198
961850
944156
961853
961856
961855
961859
961862
961863
961865
961868
961869
961870
961871
961872
961873
947637
961874
961878
961879
961880
961881
961882
961884
961886
961888
961889
961890
949197
949209
949214
949215
949213
949219
949221
949223
949222
949227
949228
949229
949235
949237
949245
949243
949256
949258
949261
949192
949268
949271
949272
949269
949270
949279
949278
961891
961892
961893
961895
961896
961897
961899
961900
961902
961903
961904
961905
961906
961907
961909
961911
961915
961920
961921
961922
951533
961923
961926
961927
950608
961929
961930
949281
949283
949288
949298
949303
949302
949305
949307
949310
949308
949315
949316
949317
949325
949321
949336
949339
949345
949342
949349
949351
949355
949143
949359
949369
949372
949374
961931
961934
961935
961938
961939
961940
961941
961942
961943
961946
961947
961948
961949
961952
961953
961955
961956
961957
961958
961960
961961
961966
961967
961969
961970
961971
961972
949386
949371
949394
949397
949400
949404
949406
949416
949418
949424
949421
949430
949436
949438
949437
949443
949445
949451
949450
949455
949459
949458
949469
949470
949473
949475
949480
961975
961976
961973
961977
961978
961979
961981
961982
961985
961986
961987
961988
961989
961990
961991
961993
961992
961994
961995
961996
961997
961998
961999
962000
962001
962002
962003
949476
949481
949488
949495
949494
949496
949370
949506
949510
949509
949518
949521
949519
949526
949527
939689
949531
949534
949530
949546
949550
949555
949554
949553
949556
949552
949558
962004
962006
962007
962008
962009
957806
962010
962011
962012
962013
962016
962017
962020
962018
962023
962025
962026
962027
962030
962031
962032
962035
962036
962038
962040
962041
962043
949562
949565
949563
949567
949570
949574
949573
949577
949583
949585
949588
949589
949590
949594
949593
949598
949602
949600
949606
949609
949612
949616
949620
949617
949623
949624
949644
962044
962046
962042
962048
962049
962056
962055
962059
962060
962062
962063
962064
962066
962067
962070
962073
962074
962075
962077
962076
962078
962080
962081
962082
962084
962085
962087
949643
949646
949648
949659
949660
949667
949672
949670
949673
949676
949678
949680
949690
949679
949693
949696
949694
949700
949634
949705
949710
949722
949724
949727
949738
949740
949746
962088
962089
962091
962095
962094
962097
962039
962101
958563
962102
962103
962104
962105
962106
962108
962107
962109
962112
962110
962114
962115
962117
962121
962119
962122
962123
962126
949754
949756
949760
949762
949764
949767
949771
949772
949775
949779
949781
949780
949784
949782
949789
949787
949793
949794
949796
949804
949799
949808
949802
949809
949813
949815
949826
962125
962127
962128
962131
962132
962133
962134
962138
962140
962139
962141
962142
962143
962144
962150
962152
962151
962155
962156
962157
962158
962159
962161
962162
962163
962164
962165
949832
949833
949835
949840
949841
949844
949847
949857
949861
949865
949872
949876
949877
949879
949880
949884
949885
949886
949478
949889
949891
949893
949890
949900
949903
949901
949902
962167
962166
962168
962169
962171
962173
962174
962177
962176
962178
962179
957431
962180
962182
962183
962185
962186
962188
962190
962191
962193
962189
962195
962197
962198
962200
962202
949905
949912
949920
949919
949925
949928
949933
949932
949939
949935
949945
949946
949947
949958
949959
949961
949967
949962
949979
949982
949980
949994
949995
949985
949996
949998
950001
962203
962204
962205
962206
962207
962208
962210
962211
962212
962214
962217
962218
962219
962221
962222
962224
962225
961681
962226
962227
962228
962229
962231
962233
962232
962234
962235
950000
949973
950004
950008
950012
950015
950014
950017
950024
950022
950029
950034
950028
950033
950040
950044
950042
950046
950048
950053
950055
950057
950067
950069
950068
950071
950081
962236
962239
962241
962243
962245
943093
962246
962247
962248
962252
962251
962257
962256
962259
962261
962262
962264
962265
962266
962268
962269
962270
962272
962271
962273
962276
962274
950087
950089
950090
950097
950100
950102
950086
950109
950104
950123
950130
950131
950139
950142
950146
950148
950152
950149
950159
950163
950164
950175
950174
950182
950187
950188
950197
962277
962275
962281
962282
962283
962284
962285
962286
962288
962289
962290
962292
962293
962294
962295
962297
962298
962299
962300
962301
962302
962303
962304
962306
962307
962308
962309
950201
950202
950209
950210
950212
950216
950222
950223
950218
950225
950246
950250
950251
950262
950266
950269
950264
950270
950281
950288
950295
950296
950298
950306
950307
950313
950276
962311
962312
962313
962314
962315
962316
962317
962318
962319
962321
962322
962323
957938
962325
962327
962328
962329
962331
962333
962334
962335
962336
962337
962338
962341
962343
962344
950279
950315
950325
950331
950332
950342
950339
950344
950345
950348
950350
950356
950354
950360
950358
950361
950365
950366
950370
950378
950375
950380
950382
950384
950383
950389
950392
962346
962347
962348
957957
962349
962351
962353
962352
962354
962355
962357
962358
962359
962360
956524
962362
962363
962364
962365
962366
962368
962369
962367
962370
933164
962371
962372
950299
950395
950398
950405
949306
950413
950422
950425
950433
950434
950440
950409
950443
950446
950449
950452
950453
950457
950428
950463
950466
950467
950471
950472
950473
950478
950479
962373
962375
962376
962377
962378
962380
962382
962383
962384
962389
962392
962395
962396
962397
962399
940658
962401
962402
962404
962403
962405
962407
962408
962410
962411
962413
962414
950481
950482
950486
950487
950489
950493
950494
950501
950505
950506
950514
950511
950516
950519
950520
950524
950528
950531
950536
950537
950543
950545
950551
950555
950552
950558
950576
962412
962415
962416
962417
962418
962419
962420
962422
962421
962423
962424
962425
962427
962430
962431
962433
962432
962436
962435
962440
962441
962426
961440
962443
962444
962446
962451
950574
950573
950577
950580
950583
950597
950603
950606
950607
950599
950619
950621
950628
950630
950631
950632
950635
950638
950639
950657
950658
950646
950671
950673
950674
950669
950675
962455
962458
962454
962459
962460
962462
962464
962465
962467
962470
962469
962471
962472
962475
962477
962480
962481
962483
962485
962486
962487
962488
962489
962490
962493
962495
962496
950678
950681
950679
950684
950690
950691
950695
950686
950702
950705
950701
950709
950710
950711
950704
950712
950715
950714
950726
950727
950734
950737
950741
950747
950745
950751
950759
962498
962497
962500
962502
962506
962507
962511
962512
962510
962513
962517
962519
962520
962521
962526
962527
962528
962529
962531
962532
962534
962535
962537
962539
962540
962543
962545
950757
950760
950761
950740
950749
950680
950769
950770
950778
950787
950781
950798
950803
950810
950814
950822
950823
950821
950828
950831
950836
950838
950846
950851
950844
950826
950865
962546
962548
962552
962554
962555
962556
962557
962558
962559
962561
962562
962564
962565
962567
962569
962570
962571
962573
962574
962575
962576
962579
962580
962578
962582
962584
962585
950870
950879
950878
950880
950881
950882
950839
950863
950883
950885
950886
950887
950890
950896
950897
950899
950901
950900
950895
950903
950908
950916
950918
950911
950924
950925
950929
950930
950934
950941
950942
950949
950946
950935
950953
950956
950960
950964
950976
950981
950989
950988
950997
950999
951001
951003
951010
951011
951016
951015
951017
951018
951022
951020
951023
951021
951028
951029
951036
951040
951042
951045
951047
951053
951046
951052
951051
951049
951056
951059
951062
951064
951063
951066
951070
951073
951075
951079
951082
951078
951085
951084
951088
951104
951101
951103
951105
951109
951108
951115
951117
951118
951119
951123
951128
951131
951134
951142
951146
951151
951149
951163
951164
951159
951167
951160
951170
951177
951173
951175
951182
951185
951179
951191
951193
951199
951200
951204
951208
951216
951211
951214
951226
951229
951231
951234
951236
951243
951242
951241
951247
951249
951257
951263
951272
951269
951279
951281
951268
951286
951291
951292
951296
951298
951301
951305
951304
951308
951307
951267
951310
951311
951316
951314
951325
951321
951329
951337
951336
951344
951345
951343
951349
951350
951328
951359
951357
951340
951365
951366
951368
951369
951370
951375
951374
951377
951378
951384
951385
951387
951389
951390
951277
951391
951392
951395
951394
951400
951401
951372
951412
951413
951416
951421
951431
951433
951429
951446
951447
951448
951450
951456
951460
951457
951468
951475
951478
951485
951492
951497
951510
951507
951511
951513
951508
951512
962587
962586
962589
962591
962592
962594
962596
962597
962595
962599
962600
962603
962602
962604
962606
962607
962609
962610
962611
962616
962617
962618
962619
962620
962621
962622
962623
962627
962628
962629
962625
962630
962631
962632
962633
962638
962639
962640
962642
962643
962644
962645
962646
962647
962651
962653
962654
962655
962658
962657
962659
962660
962661
962662
962663
962665
962666
962667
962668
962671
962670
962672
962674
962675
962673
962676
962677
962678
962682
962683
962684
962685
962686
962689
962342
962690
962692
962693
962694
962697
962700
962699
962701
962702
962703
962704
962705
962707
962706
962709
962711
962713
962715
962716
962717
962718
962719
962679
962721
962722
962723
962725
962726
962727
962730
962731
962732
962733
962734
962736
962737
962739
962740
962742
962744
962747
962746
962749
962751
962752
955048
962753
962754
962755
962757
962758
962759
962760
962761
962764
962765
962766
962767
962769
962770
962771
962772
962773
962775
962774
962776
962777
962779
962781
962782
962784
962786
962787
962788
962789
962533
962790
962791
962792
962793
962794
962796
962797
962798
962800
962803
962805
962808
962810
962811
962813
962815
962816
962817
962818
962820
962821
962823
962822
962824
962825
962826
962827
948439
962830
962829
962832
962834
962836
962839
962840
962841
962845
962844
962848
962849
962851
962852
962853
962809
936652
962855
962856
962857
962859
962861
962863
962862
962866
962868
962870
962871
962872
962873
962874
962876
962879
962880
962882
962881
962883
951516
951520
951522
951530
951532
951544
951547
951546
951552
951553
951558
951576
951579
951587
951554
951592
951597
951596
951593
951604
951610
951607
951611
951614
951619
951622
951624
951631
951637
951640
951642
951641
951645
951649
951651
951646
951654
951658
951657
951667
951670
951668
951656
951674
951679
951680
951682
951681
951673
951683
951685
951699
951700
951705
951704
951710
951708
951706
951713
951712
951720
951724
951721
951725
951737
951739
951740
951741
951744
951746
951748
951751
951755
951761
951767
951770
951777
951772
951776
951778
951779
951787
951801
951798
951812
951815
951818
951817
951821
951822
951831
951829
951816
951833
951839
951840
951847
951851
951849
951852
951862
951859
951865
951864
951871
951875
951889
951891
951883
951892
951895
951898
951897
951901
951905
951904
951911
951915
951921
951920
951922
951930
951927
951929
951934
951932
951937
951939
951943
951944
951949
951950
951954
951955
951953
951962
951961
951965
951970
951971
951966
951976
951973
951980
951984
951978
951983
951995
951997
952007
951981
952009
952015
952013
952016
952027
952024
952028
952034
952032
952040
952049
952048
952051
952052
952055
952058
952059
952060
952064
952067
952069
952072
952070
952054
952068
952075
952078
952077
952084
952088
952090
952114
952113
952106
952122
952128
952131
952133
952134
952140
952146
952148
952154
952159
952163
952167
952166
952176
952183
952193
952188
952194
952162
952198
952192
952196
952200
952203
952212
952210
952206
952217
952220
952223
952224
952229
952225
952243
952248
952252
952256
952254
952257
952260
952269
952267
952266
952271
952275
952277
952282
952283
952284
952288
952291
952290
952294
952296
952297
952298
952301
952302
962885
962888
962889
962891
962892
962893
962894
962895
962896
962897
962899
962901
962902
962903
962904
962905
962908
962909
962910
962911
962912
941416
962913
962914
962916
962917
962918
952305
952307
952313
952316
952325
952330
952328
952331
952337
952336
952342
952343
952344
952347
952349
952355
952357
952359
952360
952364
952367
952370
952368
952369
952375
952374
952373
962919
962920
962925
962927
962928
962929
962930
962931
962932
962933
962934
962936
962938
962939
962940
962942
962945
962946
962948
962950
962952
962915
962953
962954
962955
962956
962957
952380
952379
952383
952389
952393
952388
952396
952401
952409
952411
952414
952415
952418
952419
952420
952421
952424
952429
952431
952422
952439
952440
952451
952453
952458
952468
952467
962951
962959
962961
962962
962966
962968
962969
962973
962974
959624
962975
962976
962977
962978
962979
962982
962983
962986
962988
962989
961766
962991
962992
962994
962995
962996
962997
952472
952466
952478
952491
952488
952490
952500
952507
952508
952511
952518
952517
952523
952519
952516
952526
952527
952530
952533
952535
952539
952542
952536
952544
952541
952551
952556
962998
962999
963000
963002
963003
963005
963004
963006
963007
963008
963009
963013
963015
963016
933660
963017
963018
963020
963022
963024
963026
963028
963029
963031
963030
963032
963033
952557
952555
952563
952562
952569
952573
952574
952570
952575
952577
952566
952578
952581
952585
952589
952590
952592
952596
952598
952599
952602
952600
952609
952618
952621
952614
952627
963037
963041
963042
963044
963045
963046
963048
963050
963051
963052
963053
963054
963056
963057
963061
963063
963059
963062
963064
963065
963066
963067
963058
963068
963070
963071
963074
952629
952637
952641
952644
952643
952632
952646
952648
952654
952653
952657
952658
952670
952666
952675
952677
952686
952694
952697
952703
952700
952705
952707
952709
952713
952720
952721
963075
963076
963078
963079
963080
963081
963082
963083
963086
963085
963087
963088
932923
963092
963089
963093
963094
963095
963097
963098
963091
963099
963101
963102
963104
963103
963106
952714
952726
952372
952723
952730
952733
952738
952742
952747
952745
952755
952759
952762
952773
952768
952769
952782
952786
952788
952783
952793
952796
952801
952799
952805
952712
952802
963107
963109
963110
963111
963112
963113
963114
963115
963116
963117
962926
963118
963119
963108
963120
963121
941072
963123
963124
963125
963127
963128
963129
963130
963131
963132
963133
952814
952816
952813
952823
952825
952834
952832
922675
952844
952843
952849
952852
952854
952856
952860
952866
952875
952878
952882
952884
952892
952894
952096
952900
952906
952909
952908
963135
963138
963137
963136
963139
963140
963143
963145
963146
963147
963148
963149
963150
963151
963152
963153
963154
963155
963157
963158
963159
963160
963161
963162
963163
963164
963165
963167
963168
963166
963170
963171
963172
963173
963176
963177
963174
963179
963180
963182
963183
963185
963184
963186
963187
963188
963190
963191
963192
963193
963195
963196
963198
963199
963201
963202
963203
963205
963207
963210
963214
963215
963216
963219
963220
963221
963222
963218
963224
963225
963226
963227
963229
963230
953863
963231
963246
963245
963244
963249
963248
963238
963241
963250
963243
963235
963251
963253
963239
963233
963266
963262
963264
963259
963267
963268
963282
963283
963279
960624
963297
963257
963302
963289
963300
963270
963271
947091
963304
963303
963254
963286
963298
963291
963307
963308
963309
963310
963311
963269
963312
963290
963285
963313
961857
963316
963315
963317
963293
953901
963320
963322
963323
963321
963324
963280
963325
963326
963327
963330
963331
963334
963335
963242
963336
963337
963338
934986
963339
963340
963341
963342
963343
963344
963345
963346
963347
963348
963349
963350
963351
963352
963354
963353
963355
963357
963358
963359
963362
963363
963364
963365
963296
963366
963367
963274
963369
963370
963371
963372
963374
963376
963377
963378
963379
963380
963382
963384
963386
963387
963261
963388
963389
963390
963391
963392
963393
963395
963396
963398
963397
963399
963400
963401
963402
963403
963404
963405
963406
963407
963408
963409
963410
963412
963414
963413
963411
963415
963237
963418
963419
955960
963421
934787
963422
963423
963424
963425
963426
963427
963428
963430
963431
963433
963432
963436
963437
963438
963439
963443
963444
963445
963446
932218
932226
932229
932236
932238
932239
932248
932249
932250
932258
932261
932263
932269
932278
932273
932294
932298
932297
932306
932307
932311
932323
932328
932333
932334
932332
932347
952820
952910
952911
952913
952916
952919
952926
952930
952932
952939
952937
952940
952949
952959
952960
952970
952971
952967
952977
952979
952978
952980
952969
952982
952988
952985
952996
963447
963449
963450
963451
963452
963453
963454
963458
963457
963460
963459
959611
963462
963463
963464
963465
963466
963468
963469
963471
963456
963474
963475
963476
952338
963479
963478
932354
932353
932366
932376
932383
932386
932399
932402
932403
932405
932413
932423
932437
932440
932438
932449
932453
932456
932466
932472
932483
932489
932490
932492
932493
932494
932496
952993
953002
953004
952991
953001
953007
953009
953010
953013
953016
953022
953026
953015
953032
953034
952964
953038
953039
953043
953044
953045
953057
953052
953061
953059
953060
953064
963480
963482
963483
963484
963485
963486
963487
963489
963490
963491
963492
963493
963494
963495
963497
963498
963499
963501
963502
963505
963506
963507
963508
963509
963278
963511
963512
932509
932512
932515
932516
932517
932521
932527
932550
932552
932560
932571
932569
932577
932583
932588
932592
932598
932602
932603
932607
932608
932609
932610
932622
932632
932638
932637
953066
953062
953073
953072
953070
953074
953075
953076
953042
953078
953081
953083
953090
953089
953093
953095
953094
953100
953088
953098
953105
953106
953099
953109
953112
953113
953097
963513
963514
936337
963517
963516
963519
963520
963521
963525
963526
963528
963529
963531
963532
963538
963537
963539
963541
963540
963543
963546
963548
963547
963550
963552
963555
963558
932639
932646
932650
932652
932653
932669
932681
932693
932709
932711
932716
932721
932720
932729
932731
932741
932742
932744
932747
932763
932761
932746
932778
932783
932787
932792
932789
953116
953117
953121
953128
953139
953140
953143
953144
953149
953150
953145
953153
953154
953158
953156
953161
953163
953162
953167
953174
953178
953183
953185
953188
953194
953201
953205
963559
963563
963564
963565
963566
963567
963568
963571
963572
963574
963575
963576
963577
963580
963583
963585
963586
963587
963588
963590
963591
963592
963593
963594
963596
963597
963599
932806
932809
932813
932815
932814
932821
932822
932824
932825
932831
932850
932854
932866
932867
932872
932876
932888
932889
932890
932898
932891
932903
932910
932919
932922
932921
932929
953204
953207
953213
953212
953214
953216
953219
953217
953223
953225
953234
953244
953246
953248
953251
953252
953254
953256
953260
953263
953264
953261
953268
953272
953271
953275
953274
963598
963603
963604
963606
963607
963609
963610
963612
963613
963615
963616
963617
963618
963621
963622
963623
963624
963625
963626
963627
963628
963630
963629
963632
963633
963634
963635
932933
932937
932935
932940
932942
932945
932947
932951
932954
932955
932958
932973
932983
932986
932988
932992
932997
932971
933024
933029
933018
933044
933042
933046
933047
933050
933053
953278
953279
953281
953289
953291
953298
953294
953299
953303
953307
953315
953318
953324
953331
953329
953308
953332
953327
953335
953342
953343
953350
953352
953359
953364
953367
953373
963639
963638
963637
963641
963642
963643
963644
963645
963646
963648
963649
963650
963651
963652
963654
963655
963657
963658
963659
963660
963284
963662
963663
963665
963664
963666
963292
933059
933062
933066
933067
933070
933072
933073
933082
933087
933102
933106
933105
933108
933111
933116
933109
933119
933123
933124
933129
933150
933153
933166
933168
933173
933175
933182
953375
953376
953386
953387
953369
953392
953393
953399
953398
953401
953408
953409
953406
953420
953423
953424
953429
953426
953432
953436
953438
953449
953454
953458
953457
953460
953461
963668
963669
963670
963671
963673
963672
963676
963674
963678
963677
963680
963681
963683
963685
963686
963688
963689
963692
963691
963693
963690
963694
963696
963697
963256
963700
963699
933186
933184
933194
933200
933204
933205
933211
933230
933232
933243
933251
933253
933256
933263
933266
933267
933269
933270
933265
933272
933273
933274
933288
933291
933286
933294
933302
953455
953464
953466
953465
953469
953472
953456
953478
953477
953485
953486
953497
953511
953510
953525
953524
953509
953531
953537
953533
953544
953548
953549
953551
953558
953559
953562
963702
963703
963704
963708
963710
963281
963711
963712
963713
963714
963715
963716
963717
963719
963720
963721
963722
963723
963724
963726
963727
963260
963729
963730
963732
963733
963734
933304
933309
933317
933318
933321
933323
933327
933334
933330
933341
933342
933345
933347
933353
933338
933371
933372
933397
933405
933408
933414
933388
933425
933429
933430
933434
933456
953571
953585
953574
953589
953592
953591
953590
953599
953609
953617
953628
953632
953635
953639
953641
953644
953650
953651
953655
953657
953656
953652
953660
953661
953664
953663
953668
963731
963735
963736
963737
963738
963739
963741
963742
963743
963748
963750
963751
963752
963753
963754
963758
963761
963762
963763
963764
963767
963765
963768
963770
963771
963772
963774
933460
933453
933467
933468
933476
933502
933514
933519
933523
933531
933538
933540
933541
933527
933545
933548
933550
933564
933563
933568
933577
933584
933585
933592
933595
933596
933594
953658
953676
953677
953682
953683
953685
953686
953690
953692
953693
953697
953696
953704
953703
953698
953702
953700
953699
953708
953716
953714
953721
953727
953726
953732
953731
953735
963773
963776
963777
963779
963781
963780
963782
963783
963784
963785
963786
963787
963789
963790
963791
963793
963796
963797
963798
963799
963805
963804
936599
963807
963808
963809
963811
933551
933601
933604
933612
933621
933622
933382
933628
933632
933639
933640
933644
933645
933649
933650
933655
933669
933672
933674
933677
933688
933689
933698
933701
933708
933713
933716
953737
953741
953745
953748
953754
953753
953747
953755
953756
953767
953765
953769
953772
953774
953780
953784
953788
953795
953794
953790
953802
953801
953805
953810
953820
953819
953822
963812
963815
963814
963816
963817
963818
963822
963823
963824
963828
963829
963830
963831
963832
963833
963835
963838
963839
963803
963840
963841
956028
963844
963845
963846
963848
952509
933720
933726
933699
933735
933704
933738
933748
933747
933758
933769
933779
933785
933788
933794
933791
933797
933786
933809
933810
933814
933817
933823
933829
933833
933834
933835
933836
953826
953827
953831
953833
953832
953830
953837
953838
953842
953839
953844
953850
953854
953861
953864
953868
953872
953876
953869
953878
953883
953887
953888
953886
953890
953894
953897
963851
963852
963853
963856
963858
963859
963860
963857
963863
963864
963867
963869
963870
963871
960311
963873
963876
963877
963878
963880
963881
963883
963884
963885
963888
963891
963892
933840
933855
933866
933865
933853
933868
933873
933883
933884
933889
933894
933895
933897
933904
933923
933924
933941
933955
933956
933958
933960
933963
933966
933967
933969
933974
933985
953893
953902
953899
953898
953907
953912
953913
953914
953917
953919
953921
953924
953927
953926
953930
953935
953866
953943
953941
953947
953931
953946
953956
953962
953964
953968
953967
963893
963894
963897
963896
963898
963902
963903
963905
963906
963907
963908
963910
963912
963913
963914
963915
963916
963921
963922
963923
963924
963926
963928
963931
963933
963934
963935
933986
933989
933983
933992
933996
933993
933998
934008
934022
934027
934031
934015
934038
934029
934046
934048
934060
934063
934062
934064
934069
934075
934080
934081
934083
934092
934093
953970
953974
953981
953984
953982
953992
954003
953997
954011
954014
954013
954019
954020
954023
954022
954021
954027
954031
954033
954036
954040
954046
954048
954052
954054
954053
954057
963936
963941
963942
963945
963946
963947
963951
963953
963954
963955
963956
963957
963958
963959
963960
963961
963962
963966
963964
963967
963968
963971
963975
963970
963976
963977
963985
934096
934098
934099
934102
934108
934107
934106
934111
934112
934124
934125
934126
934110
934130
934132
934139
934143
934150
934149
934155
934159
934137
934174
934179
934181
934185
934198
954058
954062
954059
954064
954067
954066
954070
954068
954078
954077
954079
954085
954044
954096
954093
954097
954100
954099
954102
954104
954106
954108
954110
954109
954113
954118
954112
963986
963987
963989
963992
963996
963997
963999
964004
956273
964003
964002
964007
964008
964009
964010
964011
964012
964013
964016
964017
964019
964020
964022
964023
964026
964027
964025
934202
934205
934184
934194
934222
934183
934230
934235
934240
934244
934249
934252
934253
934254
934255
934259
934267
934278
934275
934279
934287
934290
934297
934300
934306
934310
934312
954116
954120
954115
954123
954129
954128
954131
954130
954134
954133
954140
954138
954142
954141
954147
954146
954144
954152
954157
954164
954163
954167
954165
954172
954173
954177
954179
964029
964030
964033
964037
964038
964039
964041
964042
964044
964046
964048
964047
964056
964052
964049
964063
964061
964072
964073
964081
964080
964083
964087
964085
964100
964099
964101
934320
934326
934330
934332
934337
934344
934345
934349
934347
934346
934356
934364
934358
934365
934367
934374
934380
934381
934382
934383
934384
934391
934393
934395
934389
934401
934402
934329
934390
934404
934413
934415
934419
934417
934423
934424
934431
934444
934446
934437
934455
934461
934485
934490
934488
934491
934493
934494
934420
934497
934500
934508
934511
934514
934520
934519
934523
934525
934526
934535
934538
934531
934551
934553
934554
934557
934558
934560
934571
934574
934567
934583
934587
934588
934578
934590
934614
934618
934619
934635
934636
934641
934643
934655
934654
934657
934665
934682
934685
934691
934697
934699
934704
934708
934709
934711
934720
934717
934723
934726
934745
934746
934747
934748
934751
934753
934756
934773
934775
934781
934780
934786
934789
934792
934798
934793
934796
934797
934800
934802
934805
934810
934815
934818
934823
934827
934829
934834
934836
934851
934852
934830
934868
934878
934882
934883
934892
934895
934894
934890
934887
934913
934914
934908
934930
934935
934936
934932
934949
934956
934960
934965
934966
934969
934970
934977
934975
934861
934812
934983
934985
934989
934995
934992
935006
935020
935021
935019
935026
935027
935028
935025
935030
935039
935042
935053
935037
935064
935066
935054
935071
935073
935077
935079
935081
935056
935085
935087
935099
935107
935108
935106
935113
935103
935118
935121
935126
935130
935133
935142
935147
935150
935134
935158
935165
935166
935164
935167
935170
935168
935169
935179
935156
935190
935194
935206
935208
935216
935226
935227
935230
935232
935239
935256
935255
935261
935273
935267
935275
935286
935284
935303
935305
935307
935309
935313
935316
935318
935320
935323
935337
935345
935342
954182
954186
954183
954180
954185
954189
954196
954197
954200
954199
954203
954207
954209
954210
954218
954219
954222
954226
954227
954228
954225
954230
954215
954233
954231
954205
954245
964082
964102
964107
964108
964111
964114
964116
964117
964119
964121
964125
964129
964130
964132
964134
964135
964136
964140
964139
964144
964145
964148
964154
964152
935358
935360
935354
935372
935376
935362
935379
935375
935384
935394
935396
935405
935406
935409
935412
935416
935421
935420
935425
935427
935436
935437
935439
935444
935446
935451
935457
954247
954249
954254
954255
954259
954252
954258
954262
954265
954264
954266
954271
954272
954270
954277
954288
954289
954297
954291
954299
954303
954298
954300
954294
954306
954309
954310
935460
935462
935464
935472
935476
935478
935479
935481
935480
935489
935503
935504
935506
935511
935516
935514
935531
935527
935537
935543
935547
935548
935551
935553
935560
935518
935572
954316
954314
954320
954321
954334
954339
954332
954344
954341
954340
954350
954351
954352
954354
954347
954361
954367
954374
954382
954381
954380
954379
954368
954383
954372
954390
954392
935571
935530
935587
935585
935594
935598
935603
935604
935602
935612
935616
935621
935623
935620
935619
935607
935637
935642
935611
935649
935650
935651
935655
935658
935660
935662
935664
954406
954417
954418
954426
954425
954429
935005
954432
954437
954436
954443
954445
954450
954419
954454
954453
954457
954462
954458
954463
954467
954466
954468
954469
954472
954476
954471
935668
935670
935685
935678
935697
935702
935704
935706
935722
935725
935728
935716
935731
935735
935734
935737
935741
935736
935756
935758
935757
935761
935769
935765
935771
935791
935796
954479
954480
954475
954481
954485
954490
954489
954496
954499
954497
954500
954507
954491
954509
954513
954519
954517
954518
954542
954545
954543
954551
954550
954552
954537
954557
954559
935799
935802
932840
935810
935812
935818
935821
935824
935827
935783
935817
935834
935836
935837
935838
935847
935841
935850
935842
935851
935855
935833
935858
935867
935871
935875
935879
954566
954569
954575
954577
954587
954586
954581
954585
954596
954579
954597
954601
954603
954604
954608
954612
954611
954616
954613
954614
954615
954620
954619
954617
954628
954630
954631
935885
935894
935898
935899
935910
935912
935911
935919
935923
935926
935927
935937
935938
935941
935948
935951
935950
935954
935953
935955
935967
935966
935972
935981
935983
935994
935998
954633
954637
954638
954639
954641
954650
954666
954662
954665
954675
954681
954684
954687
954689
954686
954690
954691
954695
954688
954700
954705
954693
954717
954722
954721
954726
954723
936003
936010
936014
935995
936016
936017
936023
936015
936024
936026
936027
936028
936029
936032
936031
936045
936050
936046
936044
936056
936063
936065
936068
936070
936054
936059
936085
954732
954736
954730
954743
954746
954751
954753
954758
954760
954765
954762
954770
954767
954768
954771
954772
954773
954775
954776
954781
954782
954787
954790
954792
954798
954795
954809
936091
936099
936103
936108
936109
936111
936115
936124
936123
936098
936139
936137
936144
936153
936159
936165
936166
936161
936106
936178
936182
936184
936187
936193
936217
936218
936221
954804
954794
954830
954832
954829
954833
954836
954838
954845
954846
954848
954847
954857
954861
954853
954867
954870
954872
954871
954874
954879
954881
954880
954887
954888
954893
954891
936224
936229
936231
936234
936249
936246
936247
936243
936267
936261
936271
936254
936275
936282
936290
936293
936297
936298
936302
936319
936323
936329
936328
936330
936177
936345
936343
954904
954908
954912
954916
954915
954917
954921
954923
954928
954927
954933
954938
954945
954940
954951
954954
954958
954957
954970
954968
954973
954976
954975
954979
954984
954987
954990
936358
936359
936364
936366
936369
936370
936374
936372
936383
936378
936384
936382
936385
936390
936377
936393
936402
936398
936401
936403
936405
936408
936412
936413
936406
936416
936419
954977
954997
955002
955005
955004
955003
955011
955013
955017
955021
955023
955019
955022
955026
955032
955034
955031
955036
955039
955045
955042
955041
955050
955056
955055
955058
955063
936417
936423
936434
936428
936443
936445
936444
936452
936456
936458
936469
936474
936482
936484
936486
936492
936498
936497
936502
936506
936510
936518
936520
936526
936527
936529
936535
955066
955068
955073
955079
955076
955080
955092
955091
955093
955084
955095
955098
954884
955094
955101
955102
955104
955107
955111
955118
955116
955120
955110
955119
955123
955126
955125
936533
936542
936546
936544
936547
936549
936550
936553
936560
936563
936564
936567
936569
936572
936574
936581
936590
936598
936609
936612
936613
936614
936618
936621
936623
936655
936666
955132
955133
955134
955136
955140
955141
955142
955143
955149
955150
955154
955159
955160
955165
955173
955175
955176
955184
955186
955192
955195
955203
955202
955204
955213
955214
955212
936675
936677
936678
936682
936692
936702
936701
936722
936714
936730
936734
936717
936737
936741
936743
936742
936753
936752
936756
936757
936763
936770
936771
936761
936784
936790
936791
955218
955238
955240
955243
955241
955242
955250
955254
955256
955253
955259
955260
955258
955262
955263
955264
955267
955273
955272
955274
955275
955277
955280
955281
955282
955288
955292
936800
936806
936818
936822
936823
936809
936833
936838
936845
936837
936865
936867
936870
936866
936877
936878
936880
936872
936883
936881
936885
936848
936891
936908
936915
936914
936913
955290
955294
955289
955296
955299
955298
955302
955312
955293
955313
955320
955323
955325
955332
955329
955328
955338
955341
955344
955339
955342
955346
955345
955349
955348
955334
955351
936916
936918
936920
936921
936927
936934
936925
936942
936948
936940
936951
936964
936972
936981
936983
936997
936994
937003
937004
937007
937009
937017
937012
937021
937026
937032
937033
955357
955352
955360
955359
955363
955364
955367
955370
955371
955373
955376
955378
955380
955383
955384
955382
955387
955389
955390
955385
955398
955402
955403
955356
955409
955412
955415
955421
955418
955417
955430
955426
955425
955434
955435
955433
955416
955445
955449
955455
955454
955464
955467
955468
955470
955473
955472
955476
955483
955482
955495
955499
955497
955504
955501
955507
955517
955519
955520
955498
955525
955523
955392
955528
955530
955537
955529
955542
955509
955546
955547
955554
955555
955552
955550
955557
955559
955563
955565
955567
955572
955570
955578
955580
955583
955589
955599
955587
955603
955604
955606
955611
955612
955614
955617
955625
955622
955626
955628
955631
955629
955633
955635
955634
955636
955639
955642
955644
955645
955647
955649
955652
955656
955661
955664
955667
955668
955675
955669
955679
955680
955683
955686
955685
955687
955689
955681
955684
955703
955706
955702
955704
955597
955709
955705
955710
955711
955701
955719
955724
955720
955716
955730
955728
955740
955733
955729
955741
955739
955738
955749
955756
955761
955764
955765
955692
955768
955770
955776
955775
955779
955786
955780
955787
955784
955783
955789
955791
955798
955795
955801
955804
955807
955808
955810
955817
955818
955825
955832
955816
955835
955833
955837
955841
955839
955843
955845
955851
955847
955857
955856
955858
955861
955862
955864
955867
955866
955873
955872
955877
955878
955880
955881
955885
955879
955892
955888
955901
955898
955897
955917
955922
955919
955920
955924
955926
955927
955929
955931
955935
955934
955940
955941
955943
955953
955952
955950
955954
955956
955962
955957
955966
955973
955975
955979
955982
955844
955985
955981
955983
955988
955990
955993
937038
937039
937056
937054
937060
937066
937068
937072
937073
937074
937063
937076
937077
937088
937090
937095
937096
937105
937102
937115
937116
937122
937133
937138
937145
937151
937027
937157
937159
937152
937163
937165
937170
937169
937177
937175
937181
937184
937187
937162
937190
937193
937196
937195
937206
937205
937207
937212
937209
937210
937211
937229
937233
937269
937276
937278
937280
937282
937284
937294
937297
937300
937304
937307
937311
937315
937318
937325
937328
937334
937342
937341
937344
937347
937350
937355
937357
937360
937377
937379
937380
937382
937383
937386
937388
937391
937401
937403
937405
937412
937413
937417
937422
937154
937431
937433
937439
937446
937451
937454
937449
937453
937458
937465
937468
937470
937467
937480
937478
937481
937472
937482
937488
937487
937491
937492
937493
937494
937495
937498
937503
937506
937507
937513
937525
937529
937531
937530
937534
937536
937539
937542
937544
937557
937573
937574
937569
937578
937568
937593
937594
937595
937602
937601
937597
937600
937606
937609
937611
937614
937621
937627
937625
937629
937630
937620
937634
937637
937639
937640
937644
937643
937647
937650
937659
937666
937669
937672
937670
937679
937680
937681
937689
937695
937698
937704
937707
937694
937711
937717
937718
937715
937728
937727
937733
937734
937735
937739
937748
937758
937763
937766
937765
937772
937778
937783
937785
937797
937798
937800
937806
937809
937799
937819
937820
937825
937833
937839
937840
937846
937848
937856
937859
937866
937868
937870
937880
937881
937887
937899
937901
937905
937904
937907
937913
937918
937923
937931
937929
937864
937949
937964
937963
937974
937994
938008
938013
938015
938017
938020
938023
938026
938027
955989
955996
955998
955995
956006
956008
956009
956015
956017
956018
956012
956021
956016
956019
956027
956026
956030
956032
956043
956040
956045
956046
956047
956048
956052
956056
956062
938036
938040
938043
938051
938059
938058
938063
938068
938069
938076
938075
938093
938109
938114
938120
938119
938122
938123
938127
938132
938133
938137
938141
938142
938148
938149
938152
956068
956050
956074
956070
956077
953336
956085
956087
956088
956092
956094
956097
956098
956089
956100
956099
956102
956104
956110
956109
956112
956115
956103
956130
956128
956134
956139
938153
938156
938163
938165
938185
938187
938196
938197
938199
938203
938207
938210
938213
938212
938225
938226
938233
938234
938241
938244
938245
938246
938247
938248
938258
938256
938259
956137
956136
956127
956145
956144
956146
956157
956164
956167
956169
956178
956182
956185
956183
956180
956192
956189
956187
956194
956197
956196
956203
956208
956210
956211
956212
956221
938261
938268
938280
938292
938320
938323
938326
938333
938335
938348
938353
938361
938360
938356
938365
938364
938378
938385
938397
938403
938415
938414
938418
938416
938425
938422
938428
956223
956224
956235
956239
956242
956230
956245
956238
956248
956249
956253
956259
956260
956270
956263
956274
956268
956279
956284
956282
956280
956283
956285
956291
956292
956293
956295
938440
938447
938458
938455
938459
938457
938450
938456
938468
938469
938471
938473
938477
938481
938490
938497
938502
938501
938500
938506
938516
938511
938521
938525
938488
938534
938542
956305
956311
956312
956314
956315
956320
956321
956319
956324
956308
956330
956331
956329
956335
956340
956344
956339
956346
956347
956359
956363
956365
956366
956364
956266
956376
956379
938547
938552
938548
938558
938541
938562
938565
938564
938571
938578
938575
938582
938583
938588
938592
938591
938597
938596
938602
938599
938606
938613
938615
938619
938618
938620
938626
956377
956380
956382
956395
956396
956368
956399
956401
956406
956411
956414
956415
956419
956423
956425
956429
956427
956428
956433
956437
956444
956438
956452
956457
956460
956464
956466
938627
938641
938652
938656
938657
938666
938661
938672
938679
938680
938675
938682
938685
938688
938692
938701
938702
938704
938706
938715
938718
938725
938728
938738
938735
938751
938752
956465
956470
956469
956474
956472
956481
956483
956485
956487
956486
956493
956492
956491
956488
956498
956499
956502
956501
956500
956507
956516
956518
956520
956521
956527
956533
956540
938755
938760
938762
938761
938764
938747
938768
938778
938783
938792
938793
938791
938795
938796
938799
938803
938800
938805
938809
938807
938814
938816
938818
938820
938837
938838
938293
956536
956534
956544
956546
956549
956548
956553
956550
956556
956555
956562
956561
956565
956564
956570
956576
956574
956577
956579
956584
956586
956589
956590
956592
956595
956598
956602
938841
938846
938847
938848
938852
938853
938851
938857
938865
938866
938874
938879
938878
938880
938882
938885
938887
938892
938897
938896
938899
938903
938904
938915
938919
938924
938927
956596
956606
956607
956278
956612
956616
956613
956618
956631
956635
956636
956637
956642
956640
956652
956647
956643
956655
956656
956658
956657
956660
956661
956662
956666
956672
956680
938935
938944
938946
938947
938956
938959
938961
938976
938979
938982
938984
938983
938989
938991
938995
939003
939007
939011
939012
939020
939027
939022
939036
939043
939045
939050
939061
956679
956681
956683
956691
956686
956692
956696
956697
956708
956710
956676
956712
956711
956722
956721
956723
956585
956727
956730
956731
956729
956739
956740
956738
956744
956745
956741
939058
939063
939064
939068
939072
939071
939077
939085
939090
939093
939096
939097
939100
939099
939107
939109
939116
939121
939123
939125
939127
939131
939130
939134
939135
939142
939143
956746
956749
956748
956742
956753
956757
956761
956747
956764
956767
956773
956772
956769
956776
956777
956782
956771
956778
956784
956787
956786
956788
956790
956791
956795
956800
956798
939144
939146
939148
939156
939155
939145
939159
939161
939166
939170
939171
939186
939187
939190
939191
939196
939192
939199
939201
939208
939207
939211
939220
939223
939233
939231
939244
956806
956807
956808
956816
956814
956817
956815
956823
956821
956826
956825
956828
956831
956834
956838
956837
956843
956847
956848
956849
956850
956854
956851
956858
956859
956862
956864
939245
939251
939262
939263
939269
939275
939279
939276
939271
939281
939273
939286
939293
939296
939295
939300
939302
939320
939332
939338
939339
939346
939347
939348
939351
939358
939359
956863
956865
956867
956869
956868
956872
956873
956876
956874
956880
956879
956881
956884
956887
956892
956896
956897
956895
956900
956904
956907
956906
956912
956911
956913
956916
956919
939361
939368
939372
939375
939381
939382
939380
939384
939386
939388
939395
939403
939404
939408
939420
939428
939430
939424
939437
939439
939447
939452
939453
939455
939459
939462
939471
956921
956920
956922
956925
956927
956930
956937
956935
956939
956943
956941
956944
956947
956950
956938
956929
956952
956954
956953
956962
956969
956968
956971
956977
956974
956978
956981
939473
939475
939486
939491
939499
939500
939501
939514
939518
939517
939527
939529
939540
939538
939552
939550
939553
939560
939562
939564
939575
939580
939583
939588
939584
939602
939606
956984
956988
956991
956990
956992
956994
956996
956999
957005
957006
957002
957008
957016
957013
957021
957020
957022
957026
957027
957029
957028
957025
957030
957031
957034
957035
957036
939607
939609
939617
939619
939633
939642
939643
939647
939648
939654
939660
939663
939666
939665
939671
939669
939672
939678
939687
939699
939703
939705
939707
939711
939710
939718
939715
957040
957048
957046
957043
957045
957049
957044
957052
957054
957051
957053
957055
957056
957060
957066
957039
957065
957067
957070
957072
957078
957080
957085
957086
957083
957088
957091
939717
939721
939730
939735
939747
939748
939736
939756
939762
939772
939771
939778
939779
939780
939781
939784
939789
939803
939805
939810
939815
939819
939821
939823
939827
939832
939833
957093
957094
957096
957097
956997
957101
957098
957100
957102
957104
957105
957107
957108
957109
957112
957111
957117
957123
957116
957120
957129
957128
957125
957131
957124
957139
957138
939835
939838
939853
939848
939854
939863
939864
939872
939859
939880
939885
939867
939887
939889
939895
939904
939906
939909
939910
939915
939919
939921
939924
939932
939934
939936
939938
957143
957145
957144
957146
957147
957149
957148
957152
957150
957151
957154
957157
957158
957156
957163
957165
957162
957166
957160
957168
957171
957172
957175
957183
957182
957184
957181
939947
939945
939948
939964
939965
939967
939969
939978
939986
939998
939997
939999
940005
940000
940009
940014
940019
940018
940021
940032
940039
940048
940030
940052
940061
940065
940073
957185
957135
957179
957188
957195
957191
957190
957200
957199
957201
957205
957207
957208
957210
957217
957221
957219
957218
957226
957227
957228
957232
957233
957236
957241
957245
957248
940075
940082
940086
940084
940051
940095
940098
940108
940113
940114
940119
940118
940131
940134
940135
940143
940146
940147
940152
940153
940154
940155
940160
940161
940150
940162
940159
957249
957253
957254
957255
957252
957256
957257
957258
957058
957265
957267
957274
957263
957277
957272
957278
957279
957280
957289
957291
957285
957292
957287
957295
957296
957301
957288
940173
940171
940168
940180
940187
940190
940189
940186
940194
940206
940209
940211
940215
940227
940228
940230
940236
940244
940246
940248
940249
940250
940258
940259
940260
940263
940268
957294
957302
957306
957269
957310
957315
957317
957324
957322
957325
957327
957328
957330
957329
957331
957334
957335
957336
957340
957320
957343
957338
957346
957348
957350
957351
957352
940277
940292
940296
940300
940301
940302
940290
940322
940324
940318
940335
940334
940338
940342
940337
940344
940351
940357
940360
940363
940366
940376
940379
940385
940390
940399
940402
957355
957353
957358
957359
957361
957360
957362
957363
957367
957364
957354
957365
957371
957373
957376
957382
957385
957389
957393
957397
957395
956924
957400
957396
957403
957407
957408
940412
940415
940416
940418
940417
940419
940422
940423
940424
940429
940430
940437
940452
940445
940456
940458
940459
940463
940467
940470
940195
940473
940479
940480
940487
940486
940490
957410
957415
957417
957416
957419
957420
957405
957421
957425
957427
957429
957434
957435
957437
957439
957436
957440
957443
957447
957453
957454
957455
957457
957456
957461
957445
957462
940488
940497
940492
940500
940507
940504
940502
940509
940512
940514
940518
940516
940519
940517
940521
940510
940523
940532
940534
940535
940536
940541
940540
940538
940549
940545
940551
957463
957452
957473
957474
957476
957470
957477
957471
957479
957482
957491
957490
957492
957494
957089
957493
957495
934378
957507
957506
957511
957501
957499
957517
957505
957514
957508
940566
940563
940570
940572
940434
940575
940576
940594
940593
940588
940595
940598
940603
940606
940608
940616
940620
940621
940623
940632
940629
940636
940642
940643
940641
940646
940650
957518
957521
957527
957532
957542
957541
957546
957548
957551
957549
957554
957557
957560
957564
957565
957568
957571
957575
957577
957573
957543
957579
957580
957578
957581
957582
957585
940653
940659
940662
940670
940667
940671
940685
940695
940693
940697
940700
940704
940708
940710
940712
940713
940722
940726
940727
940732
940733
940737
940746
940755
940757
940765
940768
957591
957599
957598
957611
957605
957614
957616
957615
957618
957617
957613
957608
957624
957623
957627
957629
957620
957628
957632
957534
957640
957641
957646
957645
957644
957648
957647
940766
940776
940775
940773
940783
940787
940789
940790
940794
940800
940799
940805
940811
940809
940814
940827
940830
940829
940845
940846
940854
940859
940858
940862
940864
940867
940870
957649
957651
957650
957652
957655
957656
957653
957661
957658
957603
957662
957660
957671
957667
957673
957681
957680
957678
957684
957689
957691
957683
957696
957699
957700
957698
957704
940874
940876
940885
940897
940898
940937
940955
940957
940915
940941
940963
940911
940969
940945
940927
940973
940977
940924
940951
940978
940912
940981
940904
940932
940729
940933
940988
957702
957705
957708
957674
957711
957712
957716
957719
957722
957721
957720
957729
957733
957731
957740
957743
957735
957742
957747
957746
957750
957751
957753
957752
957754
957739
957755
940996
940998
941003
941004
941005
941008
941056
941053
941042
941033
941025
941057
941028
941027
941023
941068
941047
941073
941035
941064
941038
941040
941048
941076
941081
941027
941020
957756
957759
957757
957763
957765
957764
957761
957758
957769
957766
957772
957774
957775
957776
957789
957791
957793
957790
957797
957796
957799
957800
957804
957801
957798
957810
957809
941075
941098
941106
941114
941111
941107
941121
941125
941120
941126
941123
941132
941137
941142
941144
941145
941150
941151
941154
941156
941168
941166
941177
941180
941181
941193
941199
957807
957812
957811
957813
957815
957822
957821
957833
957834
957835
957840
957838
957842
957845
957847
957844
957760
957841
957851
957852
957853
957855
957860
957863
957865
957867
957870
941196
941201
941206
941208
941225
941230
941228
941232
941231
941243
941242
941246
941248
941250
941209
941251
941261
941266
941284
941285
941289
941293
941298
941297
941299
941300
941302
957869
957871
957873
957872
957878
957875
957883
957881
957885
957886
957890
957897
957893
957899
957902
957894
957904
957906
957903
957908
957905
957914
957907
957912
957916
957920
957923
941304
941310
941315
941323
941328
941344
941347
941345
941357
941366
941367
941371
941370
941377
941376
941374
941375
941379
941382
941400
941401
941393
941402
941395
941408
941411
941413
957922
957926
957928
957930
957924
957933
957939
957937
957936
957940
957941
957942
957934
957945
957953
957947
957958
957959
957956
957961
957960
957964
957965
957968
957967
957972
957974
941419
941421
941420
941422
941426
941429
941431
941441
941444
941456
941466
941467
941465
941473
941471
941475
941479
941490
941492
941483
941496
941494
941502
941504
941506
941507
941509
957979
957977
957980
957982
957985
957986
957989
957991
957992
957994
957995
957998
957999
958002
958006
958007
957978
958008
958009
958003
957921
958014
958011
958015
958012
958019
958020
941513
941517
941515
941519
941522
941523
941528
941533
941540
941539
941544
941549
941556
941559
941568
941569
941577
941571
941578
941586
941596
941593
941601
941606
941610
941613
941614
958024
958025
958026
958022
958028
958029
958033
958039
958041
958042
958037
958046
958047
958050
958049
958051
958053
958036
958054
958057
958060
958052
958061
957047
958044
958056
958058
941629
941638
941624
941653
941674
941673
941678
941681
941677
941687
941686
941689
941693
941702
941707
941711
941712
941720
941730
941742
941743
941745
941750
941756
941762
941764
941778
958068
958070
958071
958078
958074
958075
958077
958080
958073
958084
958088
958090
958091
958092
958093
958097
958098
958104
958105
958108
958107
958111
958109
958099
958114
958112
958116
941780
941783
941788
941792
941797
941801
941819
941820
941821
941822
941831
941833
941838
941840
941848
941852
941866
941872
941873
941867
941875
941882
941885
941892
941884
941895
941900
958117
958126
958124
958129
958135
958138
958142
958144
958145
958148
958149
958147
958153
958155
958157
958156
958154
958159
958163
958162
958166
958160
958170
958173
958174
958178
958182
941902
941901
941904
941908
941910
941914
941917
941919
941920
941924
941931
941932
941951
941968
941970
941980
941986
941987
941993
942000
942001
942008
942010
942015
942013
942021
942028
958184
958180
958185
958190
958193
958196
958194
958201
958204
958210
958208
958199
958207
958200
958211
958214
958219
958212
958222
958224
958227
958225
958230
958231
958233
958236
958237
942023
942033
942039
942041
942042
942048
942050
942051
942064
942061
942069
942075
942076
942079
942082
942088
942085
942094
942096
942098
942099
942100
942104
942109
942101
942113
942114
958239
958241
958240
958242
958245
958247
958246
958256
958260
958252
958261
958257
958262
958258
958266
958268
958269
958270
958271
958272
958277
958276
958278
958280
958205
958281
958287
942067
942128
942130
942139
942138
942145
942144
942147
942162
942164
942181
942188
942189
942194
942200
942201
942059
942197
942199
942204
942203
942207
942208
942211
942212
942220
942221
958283
958282
958289
958295
958294
958303
958302
958304
958305
938108
958313
958314
958308
958310
958317
958319
958316
958324
958326
958330
958325
958333
958332
958344
958340
958323
958350
942222
942230
942234
942229
942240
942241
942245
942246
942251
942252
942255
942256
942261
942266
942262
942269
942271
942274
942275
942277
942279
942276
942287
942290
942291
942304
942305
958351
958355
958357
958359
958361
958364
958362
958365
958370
958368
958339
958374
958371
958377
958366
958380
958379
958381
958382
958384
958383
958337
958391
958388
958394
958393
958389
942319
942325
942338
942339
942337
942351
942352
942247
942357
942366
942370
942371
942375
942345
942380
942385
942391
942390
942397
942398
942402
942404
942406
942409
942411
942410
942416
958354
958398
958404
958401
958406
958407
958408
958412
958411
958409
958402
958417
958415
958419
958420
958423
958424
958429
958422
958430
958431
958440
958436
958438
958418
958446
958444
942418
942422
942425
942430
942432
942438
942442
942444
942446
942447
942454
942441
942457
942461
942468
942469
942485
942488
942495
942496
942497
942500
942507
942510
942512
942514
942516
958453
958454
958456
958457
958455
958462
958465
958467
958468
958464
958470
958472
958286
958476
958478
958480
958482
958483
958481
958485
958484
951261
958492
958490
958491
958494
958495
942522
942330
942526
942521
942529
942528
942530
942518
942539
942540
942542
942545
942492
942547
942548
942549
942554
942553
942559
942560
942563
942580
942581
942588
942590
942591
942593
958486
958500
958498
958497
958502
958503
958506
958505
958509
958512
958511
958516
958515
958520
958524
958526
958533
958527
958530
958532
958538
958542
958546
958545
958548
958551
958550
942596
942598
942575
942606
942612
942621
942631
942637
942639
942641
942643
942651
942654
942655
942652
942658
942661
942663
942662
942666
942657
942672
942671
942679
942683
942681
942691
958544
958541
958557
958560
958549
958562
958567
958568
958571
958576
958575
958577
958581
958589
958588
958591
958585
958595
958584
958602
958604
958601
958586
958609
958605
958612
958614
942690
942695
942696
942697
942700
942702
942705
942713
942717
942720
942724
942734
942735
942737
942742
942747
942749
942756
942757
942754
942760
942762
942767
942776
942778
942777
942789
958619
958613
958620
958621
958617
958623
958622
958628
958631
958632
958633
958636
958638
958475
958651
958647
958650
958653
958657
958658
958661
958659
958668
958665
958666
958667
958672
942792
942797
942799
942801
942805
942807
942810
942811
942813
942814
942822
942826
942827
942828
942830
942836
942844
942850
942848
942854
942852
942857
942861
942865
942871
942867
942875
958670
958677
958681
958686
958683
958687
958682
958689
958690
958685
958695
958692
958697
958698
958701
958702
958700
958703
958707
958708
958709
958705
958714
958718
958717
958713
958715
942874
942879
942887
942889
942893
942894
942900
942902
942903
942912
942920
942921
942923
942924
942922
942936
942937
942939
942942
942949
942950
942952
942954
942955
942957
942958
942967
958721
958723
958725
958720
958727
958722
958728
958739
958735
958737
958744
958750
958755
958751
958752
958756
958754
958758
958759
958763
958765
958760
958770
958776
958778
958779
958781
942971
942972
942973
942975
942978
942977
942982
942981
942985
942987
942984
942988
942994
942996
942997
943000
942998
943012
943030
943032
943034
943018
943041
943037
943043
943040
943049
958782
958780
958787
958783
958791
958794
958792
958796
958799
958797
958800
958801
958802
958804
958808
958813
958814
958815
958818
958819
958822
958826
958829
958823
958825
958839
958848
943051
943058
943060
943062
943063
943066
943072
943071
943076
943080
943082
943083
943086
943094
943096
943098
943099
943107
943115
943112
943116
943113
943125
943127
943135
943134
943137
943140
943141
943142
943143
943145
943147
943151
943150
943154
943164
943165
943167
943168
943171
943170
943172
943173
943177
943185
943187
943186
943189
943197
943201
943208
943213
943215
943214
943216
943223
943222
943229
943226
943237
943236
943238
943239
943241
943245
943248
943249
943251
943256
943259
943270
943272
943276
943265
943291
943295
943294
943303
943306
943311
943312
943292
943352
942460
943353
943360
943363
943364
943365
943370
943357
943373
943376
943380
943379
943388
943392
943394
943396
943399
943402
943297
943409
943413
943417
943418
943421
943419
943426
943390
943452
943456
943462
943458
943463
943464
943465
943469
943473
943474
943477
943480
943481
943483
943485
943497
943496
943498
943494
943501
943502
942431
943509
943505
943499
943514
943517
943521
943526
943528
943531
943520
943537
943539
943534
943560
943562
943563
943569
943576
943581
943578
943588
943589
943596
943597
943607
943621
943623
943628
943629
943639
943636
943637
943638
943641
943640
943644
943650
943652
943653
943656
943619
943657
943661
943664
943535
943667
943670
943672
943680
943642
943684
943685
943687
943690
943689
943694
943695
943697
943699
943708
943710
943713
943717
943723
943725
943719
943722
943728
943731
943735
943733
943742
943747
943752
943753
943760
943767
943778
943781
943785
943784
943791
943792
943795
943797
943796
943802
943809
943808
943810
943815
943814
943830
943835
943837
943845
943836
943853
943854
943855
943857
943858
943870
943873
943361
943872
943885
943887
943892
943898
958846
958855
958850
958863
958865
958864
958862
958858
958867
958870
958871
958872
958874
958876
958878
958873
958880
958883
958886
958773
958888
958892
958895
958899
958900
958906
958904
943902
943907
943905
943909
943915
943914
943920
943922
943931
943933
943923
943938
943940
943943
943948
943954
943955
943965
943960
943969
943963
943968
943949
943976
943981
943984
943988
958907
958909
958913
958912
958916
958919
958920
958921
958925
958930
958932
958939
958944
958946
958951
958950
958949
958948
958954
958957
958955
958956
958964
958965
958967
958968
958970
943995
943999
944001
944006
944011
944016
944015
944019
944022
944023
944025
944027
944032
944034
944038
944041
944044
944051
944049
944056
944061
944069
944071
944066
944073
944076
944079
958971
958974
958975
958978
958977
958961
958979
958981
958984
958988
958985
958983
958986
958995
958993
958994
959000
958999
959003
958973
959005
959006
959007
959009
959013
959018
959021
944091
944093
944103
944100
944113
944111
944116
944125
944126
944130
944123
944137
944138
944143
944145
944149
944150
944151
944160
944167
944172
943343
944170
944174
944176
944177
944180
959022
959023
959026
959029
959033
959039
959037
959036
959043
959044
959047
959052
959053
959048
959057
959051
959056
959060
959054
959055
959059
959063
959061
959068
959067
959070
959071
944179
944182
944181
944183
944188
944194
944195
944196
944198
944199
944201
944203
944210
944212
944213
944217
944224
944225
944228
944236
944238
944247
944252
944255
944257
944270
944272
959072
959035
959075
959074
959080
959065
959083
959084
959085
944378
959087
959086
959090
959094
959096
959097
959102
959103
959106
959101
958879
959110
959112
959113
959117
959114
959116
944276
944275
944278
944283
944284
944291
944294
944296
944299
944297
944300
944308
944310
944314
944318
944326
944330
944333
944341
944343
944348
944353
944356
944355
944358
944360
935044
959119
959121
959123
959126
959124
959131
959134
959139
959143
959142
959147
959141
959146
959144
959154
959157
959153
959158
959156
959150
959160
959159
959149
959162
959168
959173
959172
944361
944377
944379
944381
944386
944390
944394
944399
944403
944406
944408
944412
944414
944427
944418
944433
944438
944441
944442
944447
944449
944456
944463
944459
944466
944471
944473
959177
959176
959175
959180
959174
959184
959187
959186
959190
959192
959193
959194
959179
959148
959199
959183
959205
959198
959195
959196
959165
959210
959211
959203
959215
959219
959214
944470
944480
944453
944482
944497
944500
944489
944513
944521
944524
944536
944539
944542
944551
944559
944562
944563
944565
944570
944578
944586
944583
944590
944589
944592
944593
944595
959221
959217
959218
959201
959228
959226
959229
959230
959225
959231
959234
959237
959236
959238
959239
959240
959244
959245
959249
959247
959250
959253
959258
959262
959264
959266
959267
944596
944599
944600
944564
944604
944609
944613
944622
944625
944626
944632
944634
944644
944645
944646
944643
944647
944651
944652
944649
944658
944656
944663
944664
944660
944667
944670
959259
959270
959272
959276
959279
959277
959281
959288
959285
959273
959287
959286
959292
959294
959283
959296
959299
959301
959300
959302
959303
959304
959307
959308
959306
959310
959309
944671
944674
944677
944681
944685
944692
944689
944691
944693
944694
944698
944713
944711
944708
944710
944718
944720
944721
944722
944724
944727
944728
944733
944732
944736
944738
944737
959311
959312
959315
959319
959320
959323
959321
959326
959328
959327
959330
959337
959341
959339
959333
959334
959346
959348
959347
959350
959349
959353
959351
959359
959360
959364
959362
944739
944741
944742
944745
944755
944759
944761
944767
944768
944771
944769
944775
944773
944777
944778
944783
944782
944795
944805
944804
944810
944816
944817
944822
944823
944825
944827
959366
959368
959374
959370
959367
959372
959378
959383
959382
959369
959385
959389
959391
959396
959394
959399
959400
959404
959401
959413
959402
959403
959412
959415
959414
959420
959425
944834
944839
944838
944843
944845
944841
944848
944856
944855
944862
944819
944860
944869
944871
944872
944875
944879
944878
944880
944886
944896
944899
944905
944908
944907
944909
944913
959422
959428
959429
959432
959433
959431
959437
959440
959443
959446
959447
959455
959457
959444
959458
959459
959461
959465
959463
959466
959464
953586
959471
959475
959478
959477
959481
944911
944914
944912
944917
944918
944925
944927
944932
944929
944936
944949
944953
944955
944957
944958
944959
944963
944964
944967
944969
944971
944977
944968
944983
944989
944991
944981
959474
959482
959483
959484
959489
959485
959487
959494
959493
959452
959490
959495
959496
959498
959500
959501
959390
959509
959507
959504
959510
959513
959515
959519
959518
959523
959528
944992
944994
944997
945000
945001
945005
945010
945012
945016
945018
945024
945007
945032
945034
945035
945036
945037
945042
945043
945051
945048
945054
945061
945057
945070
945077
945080
959529
959531
959530
959534
959537
959532
959538
959536
959539
959541
959543
959550
959551
959555
959554
959561
959564
959563
959565
959572
959573
959577
959583
959584
959578
959586
959571
945086
945085
945094
945096
945095
945098
945101
945102
945105
945109
945110
945111
945113
945116
945117
943157
945122
945121
945127
945135
945133
945140
945136
945141
945112
945142
945143
959597
959600
959603
959606
959604
959607
959598
959605
959612
959609
959614
959618
959616
959617
959613
959621
959620
959623
959625
959628
959629
959626
959631
959633
959627
959632
959634
945149
945155
945160
945158
945163
945165
945154
945170
945172
945176
945183
945185
945188
945189
945201
945202
945204
945199
945210
945215
945216
945219
945209
945223
945226
945233
945240
959636
959639
959638
959645
959648
959651
959649
959652
959647
959656
959655
959660
959662
959665
959667
959670
959673
959675
959674
959677
959678
959680
959679
959682
959683
959687
959690
