971079
971083
971234
971501
971505
971537
971555
971556
971524
971564
971637
971646
971769
971824
971827
971830
971886
972330
972337
972355
972366
972377
972386
972388
972391
971016
972414
972425
972440
972449
972458
972497
972512
972529
972591
972601
972616
972651
972660
970874
970888
970897
970919
970933
970960
971048
971056
971090
971122
971166
971170
971338
971351
971402
971436
971471
971540
971542
971545
971605
971610
971657
971694
971695
971757
971797
971843
971852
971871
971875
971900
971901
971905
971909
971913
971916
971936
971943
971954
971977
971992
971995
972011
972018
972022
972042
972050
972059
972071
972118
972130
972140
971904
971914
971944
971966
972033
972039
972047
972098
972106
972110
972139
972147
972164
972166
972178
971751
972192
972220
972235
972244
972267
972272
972303
972319
972321
972323
972325
972143
972194
972198
972209
972212
972247
972273
972276
972288
972291
972324
972327
972328
972353
972375
972420
972426
972454
972476
972486
972488
972501
972507
972514
972527
972530
972575
972336
972354
972368
972406
972413
972430
972436
972472
972474
972487
972489
972490
972545
972548
972551
972554
972570
972578
972589
972600
972617
972621
972624
972629
972653
972674
970876
972577
972605
972610
972623
972638
972652
972658
971557
971586
971591
971606
971626
971629
971667
971670
971688
971692
971705
971752
971782
971803
971810
971817
971829
971838
971846
971853
970904
970907
970910
971241
971245
971296
971316
971332
971340
971361
971455
971468
971479
971485
971489
971582
971593
971611
971627
971709
971720
971799
971802
971865
971884
971887
971891
971856
971873
971912
971915
971922
971964
971988
971998
972025
972028
972055
972082
972088
972097
972123
972159
972191
972199
972225
972227
972242
972287
972338
972341
972349
972376
972385
971896
971903
971927
971934
971937
971968
971987
971990
972004
972012
972405
972431
972464
972480
972503
972519
972544
972562
972567
970866
970915
970945
970958
970967
970984
971071
971085
971138
971154
971173
971178
971233
971248
971279
971302
971304
971339
971384
971411
971417
971465
971527
971978
971982
972029
972040
972077
972090
972102
972141
972160
972169
972184
972190
972193
971673
972229
972232
972233
972240
972248
972251
972315
972316
