970269
970277
970278
970292
970293
970306
970307
970311
970313
970314
970321
970336
970340
970350
970352
970358
970361
970364
970367
970371
970375
970377
970382
970386
970398
970399
970405
970414
970415
970417
970418
970419
970423
970427
970435
970436
970444
970470
970471
970479
970481
970491
970492
970498
970503
970507
970511
970518
970530
970527
970523
970539
970547
970549
970550
970551
970552
970554
970560
970564
970567
970572
970574
970575
970578
970580
970584
970585
970602
970609
970611
970616
970619
970627
970632
970635
970636
970638
970640
970643
970647
970649
970651
970653
970669
970676
970680
970682
970687
970688
970692
970701
970703
970705
970706
970709
970711
970713
970718
970720
970735
970736
970695
970743
970749
970751
970758
970765
970768
970770
970774
970812
970834
970837
970841
931473
931548
931597
932523
932715
933065
933445
933495
933862
934580
935724
935985
936313
936719
937244
937420
937419
938083
938105
938696
938784
939168
939288
939337
940120
940717
941069
941358
941747
941906
941965
942587
942601
942753
942881
943021
943114
943224
943939
944999
945115
945257
945621
946080
946263
946812
947850
947891
948103
948184
948192
948329
948474
948562
948767
949183
949206
949356
949396
949442
949448
949816
949848
949898
950049
950162
950333
950670
951027
951181
951807
952358
952434
953463
953715
954377
954415
954900
955232
955353
955503
955718
956219
956409
956909
957019
957134
957411
957588
957622
957669
958291
958322
959387
959417
959426
959503
959535
959552
959545
959567
959593
959615
959659
959725
959765
959888
959903
959931
960028
960070
960103
960793
960834
960850
960918
961034
961142
961272
961454
961655
962052
962068
962175
962216
962400
962608
962669
962741
962812
963204
963299
963524
963682
963826
963899
963937
963950
964040
964071
964094
964153
964737
964738
964741
964742
964750
964755
964756
964757
964758
964760
964762
964767
964771
964772
964774
964777
964778
964781
964785
964786
964791
964796
964797
964798
964802
964803
964805
964806
964808
964809
964810
964815
964818
964822
964824
964825
964827
964834
964836
964838
964839
964842
964846
964852
964853
964854
964860
964862
964863
964864
964865
964866
964867
964875
964873
964877
964876
964880
964881
964886
964890
964892
964895
964898
964900
964903
964908
964909
964910
964913
964914
964916
964919
964923
964925
964929
964930
964926
964933
964936
964938
964939
964941
964942
964945
964949
964950
964951
964954
964955
964959
964960
964963
964967
964968
964969
964974
964977
964978
964980
964983
964988
964989
964992
964993
964995
964996
965000
965002
965003
965004
965005
965007
965011
965012
965017
965024
965027
965028
965029
965031
965032
965036
965044
965050
965049
965052
965051
965057
965059
965063
965062
965065
965068
965069
965070
965075
965076
965081
965083
965085
965086
965088
965089
965090
965097
965100
965103
965107
965110
965114
965116
965119
965120
965124
965126
965127
965132
965141
965146
965147
965149
965150
965151
965155
965158
965162
965163
965164
965160
965168
965170
965172
965173
965181
965185
965186
965188
965194
965197
965200
965201
965213
965214
965216
965221
965228
965229
965234
965236
965240
965243
965244
965246
965247
965252
965253
965255
965258
965257
965261
965270
965272
965273
965276
965277
965278
965282
965287
965297
965298
965299
965310
965314
965317
965318
965319
965324
965325
965326
965329
965330
965331
965332
965343
965346
965347
965349
965355
965364
965366
965367
965369
965372
965375
965380
965379
965381
965383
965385
965386
965387
965388
965390
965391
965393
965396
965398
965400
965402
965414
965418
965420
965421
965426
965427
965428
965430
965431
965436
965442
965447
965450
965454
965456
965457
965465
965467
965469
965405
965473
965474
965475
965478
965479
965480
965486
965491
965490
965494
965496
965497
965501
965502
965506
965510
965513
965519
965521
965518
965524
965525
965528
965529
965531
965532
965537
965541
965542
965544
965545
965546
965552
965554
965555
965560
965561
965563
965564
965566
965567
965570
965571
965572
965578
965580
965586
965589
965593
965594
965595
965596
965599
965606
965607
965609
965613
965617
965620
965622
965624
965625
965626
965628
965630
965631
965638
965637
965641
965642
965643
965648
965649
965650
965651
965654
965655
965658
965659
965662
965668
965675
965677
965679
965681
965686
965685
965687
965690
965693
965697
965698
965700
965701
965702
965704
965707
965708
965711
965717
965719
965723
965725
965727
965728
965729
965730
965732
965733
965742
965744
965746
965749
965751
965752
965753
965756
965757
965758
965759
965761
965765
965767
965769
965771
965772
965773
965774
965777
965779
965781
965788
965790
965794
965801
965802
965803
965804
965813
965815
965816
965818
965820
965825
965828
965832
965833
965834
965836
965842
965845
965846
965850
965852
965854
965856
965858
965860
965863
965868
965873
965875
965880
965903
965907
965924
966034
966035
966022
966038
966018
966015
966023
966039
965951
966043
966046
966045
966021
966048
966049
966050
966051
965969
965982
966052
965905
965988
966056
966058
966060
966061
966072
966073
966074
966081
966084
966085
966087
965954
965922
969208
969211
969213
969220
969223
969225
969226
969231
969233
969237
969240
969243
969244
969246
969248
969252
969254
969255
969257
969260
969262
969265
969266
969267
969269
969271
969274
969278
969285
969287
969288
969290
969294
969293
969303
969304
969305
969306
969308
969309
969313
969314
969317
969318
969319
969324
969322
969325
969327
969330
969331
969335
969343
969345
969349
969350
969351
969354
969357
969362
969363
969365
969374
969377
969376
969380
969382
969384
969383
969387
969390
969391
969393
969394
969398
969400
969401
969407
969410
969412
969416
969418
969419
969420
969421
969423
969422
969425
969426
969427
969428
969429
969430
969435
969439
969440
969442
969451
969454
969456
969457
969459
969460
969465
969466
969470
969479
969481
969483
969488
969489
969493
969498
969500
969501
969502
969504
969510
969513
969517
969520
969525
969528
969530
969534
969535
969537
969541
969552
969553
969556
969559
969560
969566
969568
969573
969575
969592
969603
969608
969613
969614
969621
969628
969634
969637
969639
969651
969653
969654
969656
969658
969659
969660
969663
969670
969677
969678
969679
969680
969696
969695
969700
969702
969708
969710
969713
969714
969727
969728
969732
969733
969735
969736
969739
969743
969745
969752
969759
969764
969766
969771
969776
969786
969791
969794
969804
969808
969589
969811
969818
969823
969825
969831
969838
969842
969847
969849
969855
969860
969865
969868
969583
969869
969870
969876
969878
969885
969898
969893
969902
969903
969909
969910
969911
969917
969920
969929
969933
969940
969944
969946
969947
969952
969960
969968
969969
969973
969974
969988
969990
969995
969999
970000
970005
970011
970014
970019
970022
970027
970033
970034
970037
970035
970043
970048
970070
969582
970086
970087
970090
970093
970096
970097
970106
970111
970112
970126
970128
970140
970143
970145
970152
970153
970156
970157
970159
970162
970164
970170
970171
970173
970177
970180
970181
970202
970214
970218
970222
970226
970230
970238
970244
970247
970249
970254
970256
970259
970260
970262
970268
