969632
969639
969653
969656
969659
969670
969679
969702
969707
969727
969752
969762
969776
969786
969818
969825
969827
969830
969833
969842
969854
969870
969878
969880
969885
969891
969921
969940
969952
969973
969998
970011
970015
970043
969582
970087
970090
970096
970116
970142
970152
970162
970173
970214
970244
970249
970250
970254
970259
970261
970262
970264
970316
970324
970331
970342
970358
970371
970375
970399
970400
970414
970418
970431
970435
970439
970491
970492
970497
970503
970520
970530
970539
970551
970565
970579
970598
970609
970618
970627
970630
969608
969614
969621
969628
970643
970652
970669
970676
970687
970705
970711
970729
970749
969590
970774
970784
970802
970805
970814
970822
970836
970846
970861
970885
970920
970938
970942
970950
970954
970986
970995
971006
971025
971031
971045
971075
971079
971083
971101
971119
971136
971164
971201
971208
971234
971250
971298
971299
971323
971331
971359
971377
971390
971392
971408
971418
971428
971440
971444
971446
971450
971463
971483
971498
971501
971505
971519
971532
971537
971555
971556
971524
971564
971578
971596
971602
971619
971637
971646
971662
971668
971671
971689
971741
971744
971753
971769
971804
971824
971827
971830
971864
971867
971886
971901
971905
971909
971913
971916
971936
971943
971954
971977
971992
971995
972011
972018
972022
972042
972050
972059
972071
972118
972130
972140
972143
972194
972198
972209
972212
972247
972273
972276
972288
972291
972324
972327
972328
972353
972375
972420
972426
972454
972476
972486
972488
972501
972507
972514
972527
972530
972575
972577
972605
972610
972623
972638
972652
972658
969260
969303
969305
969318
969322
969350
969377
969390
969418
969421
969460
969470
969489
969513
969525
969553
969556
969488
969504
969520
969613
969634
969638
969658
969667
969675
969677
969692
969695
969708
969731
969736
969740
969771
969785
969789
969795
969589
969829
969849
969865
969583
969893
969902
969911
969933
969960
969969
969974
969982
969990
969995
970005
970014
970019
970034
970038
970035
970079
970106
970111
970118
970126
970139
970140
970143
970150
970157
970175
970180
970181
969559
969575
969592
970226
970230
970247
970278
970298
970307
970312
970314
970321
970360
970361
970367
970389
970386
970395
970427
970463
970498
970547
970550
970554
970567
970571
970574
970580
970584
970611
970614
970629
970632
970635
970647
970651
970680
970692
970701
970703
970710
970713
970723
970736
970745
970748
970751
970758
970765
970767
970785
970821
970824
970827
970830
970833
970841
970845
970854
970866
970872
970898
970915
970925
970945
970948
970958
970967
970971
970978
970984
970997
971032
971071
971073
970524
971082
971085
971113
971138
971142
971147
971154
971167
971173
971178
971209
971211
971222
971226
971233
971236
971248
971260
971279
971302
971304
971339
971366
971384
971389
971393
971399
971411
971417
971423
971445
971465
971466
971482
971487
969609
971521
971527
971539
971557
971572
971574
971586
971591
971606
971609
971626
971629
971651
971667
971670
970525
971688
971692
971699
971705
971721
971733
971737
971752
971755
971779
971782
971785
971789
971800
971803
971810
971817
971829
971838
971846
971853
971856
971873
971877
971912
971915
971922
971964
971988
971998
972025
972028
972055
972082
972088
972097
972123
972159
972191
972199
972225
972227
972242
972287
972338
972341
972349
972376
972385
972405
972431
972464
972480
972503
972519
972544
972562
972567
969223
969349
969374
969383
969427
969454
969466
971978
971982
972029
972040
972077
972090
972102
972141
972160
972169
972184
972190
972193
971673
972229
972232
972233
972240
972248
972251
972315
972316
972330
972337
972355
972366
972377
972386
972388
972391
971016
972414
972425
972440
972449
972458
972497
972512
972529
972591
972601
972616
972651
972660
969855
969868
969898
969909
969910
969917
969920
969929
969944
969947
969962
969988
970000
970013
970033
970048
970060
970074
970086
970089
970100
970128
970145
970164
970171
970177
970202
970218
970222
970268
970277
970292
970311
970313
970336
970341
970349
970352
970364
970376
970404
970411
970417
970423
970451
970455
970471
970493
970516
970527
970534
970549
970552
970560
970573
970575
970578
970595
970616
970619
970640
970649
970653
970682
970689
970718
970725
970728
970738
970695
970743
970750
970761
970768
970770
970792
970803
970806
970812
970874
970888
970897
970919
970923
970933
970947
970960
970980
971005
971017
971023
971029
971044
971048
971051
971056
971072
971080
971090
971106
971122
971125
971166
971170
971176
971184
971203
971221
971225
971238
971247
971278
971283
971295
971312
971315
971338
971351
971353
971388
971402
971407
971429
971436
971439
971459
971471
971476
971518
971540
971542
971545
971559
971571
971575
971605
971610
971620
971636
971650
971657
971672
971677
971694
971695
971707
971710
971652
971732
971735
971743
971757
971759
971772
971775
971791
971797
971808
971815
971843
971852
969939
971871
971875
971900
971904
971914
971944
971966
969237
969288
969317
969325
969327
969351
969423
969481
969502
969528
969541
969552
969560
969573
969622
969625
969640
969660
969663
969680
969690
969696
969700
969710
969728
969733
969735
969743
969745
969748
969764
969808
969811
969814
969823
969826
972033
972039
972047
972098
972106
972110
972139
972147
972164
972166
972178
971751
972192
972220
972235
972244
972267
972272
972303
972319
972321
972323
972325
972336
972354
972368
972406
972413
972430
972436
972472
972474
972487
972489
972490
972545
972548
972551
972554
972570
972578
972589
972600
972617
972621
972624
972629
972653
972674
969213
969244
969255
969308
969314
969319
969335
969362
969407
969416
969465
969479
969501
969510
969537
969566
969603
969615
969633
969637
969651
969654
969662
969678
969705
969713
969714
969721
969732
969739
969747
969753
969759
969766
969787
969791
969794
969804
969831
969838
969847
969860
969869
969876
969895
969903
969943
969946
969968
969993
969999
970006
970022
970027
970037
970040
970066
970070
970082
970088
970093
970097
970112
970117
970138
970153
970156
970159
970170
970233
970238
970256
970260
970269
970284
970293
970306
970340
970345
970350
970356
970368
970377
970382
970398
970405
970407
970415
970419
970436
970444
970460
970467
970470
970473
970477
970479
970481
970507
970511
970518
970523
970540
970546
970564
970572
970577
970585
970602
970617
970620
970636
970638
970655
970688
970694
970702
970706
970709
970712
970720
970731
970735
970742
970760
970769
970773
970834
970837
970840
970855
970862
970876
970904
970907
970910
970921
970972
970973
970985
970987
970991
970998
971026
971033
971084
971114
971118
971145
971161
971198
971212
971216
971217
971241
971245
971249
971271
971274
971287
971296
971316
971325
971329
971332
971340
971343
971361
971367
971382
971406
971435
971449
971455
971468
971479
971485
971489
971509
971520
971530
971541
971577
971582
971593
971611
971627
971653
971656
971666
971687
971697
971709
971715
971720
971767
971793
971799
971802
971805
971814
971816
971825
971828
971839
971865
971878
971884
971887
971891
971896
971903
971927
971934
971937
971968
971987
971990
972004
972012
