66693
66697
66708
66710
66713
66727
66729
66731
66738
66746
66753
66755
66763
40373
66772
66775
66778
66781
66788
66791
66793
66797
66801
66812
66814
51054
66829
14351
14422
14556
14632
14659
14791
14922
15048
15189
15220
15243
15257
15285
15451
12232
12440
12609
12680
12721
12760
12795
12892
12924
13005
13020
13087
13138
66833
66836
66842
66850
66853
66856
66861
66863
66875
66883
66892
66895
66900
64814
66915
66916
66922
66930
66933
66939
66943
66950
66953
66956
66969
66972
66975
13149
13175
13178
13338
13544
13556
13749
13755
66979
66981
66983
66990
66992
66998
66995
67003
67009
67017
67042
67051
67054
67063
67066
67075
67082
67087
67090
67104
67106
67119
67122
67125
67129
67140
67142
67146
67163
67166
67178
67185
67191
67199
67210
67214
67222
67225
67231
67234
67242
67244
67249
67255
67265
64734
67290
67293
67297
67317
67324
67323
67329
67334
67345
67348
67351
67354
67365
67368
67375
67377
67385
67394
67397
67405
67412
67406
67414
67434
67436
67452
67454
67040
67470
67489
67493
67495
67510
67520
67525
67562
67560
67575
67581
65796
67583
67601
67607
67615
67630
67638
67649
67657
67660
67686
67688
67691
67694
67702
67705
67708
67612
67723
67741
67744
67750
67755
67767
67770
67774
67782
67789
67792
67801
67820
67823
67830
67832
67849
67852
67860
67868
67839
67878
67891
67911
67915
67928
67945
67991
67994
68015
68018
68032
68052
68075
68107
68111
68128
68136
68147
68150
68153
68167
68176
68196
68198
68211
68223
68229
68236
68244
68253
68259
68262
68266
68276
68285
68298
68305
68308
64504
54023
64497
64519
64527
64530
64529
64538
64543
64549
64557
64560
64576
64564
64584
64598
64603
64605
56178
64618
64634
64637
64645
64656
64654
64658
64662
63622
63633
63634
63647
63648
63651
63665
63679
63682
63687
63690
63701
63700
63705
63713
63717
63722
63732
63736
63739
63738
63756
63768
63771
63772
63777
63784
64672
64675
64677
64686
64696
64706
64710
64736
64739
64742
64745
64747
64757
64759
64763
64768
64775
64778
64786
64770
64795
64799
64882
31283
64918
64916
64923
63782
63788
63789
63797
63807
63808
63818
63819
63823
63835
63838
63841
63832
63852
63856
63858
63847
63906
63925
63888
63931
63953
63948
63954
63986
63984
63988
64874
64858
64906
64929
64879
64908
64935
64938
64781
64941
64942
64860
64850
64951
64953
64954
64898
64961
64968
64899
64973
64980
64987
64992
64996
64997
64999
63981
63883
63912
64007
64018
63991
63999
64010
64059
63989
63876
64070
64071
64060
64084
64093
64097
64098
64103
64115
64119
64121
64130
64137
64131
64145
64153
65005
65011
65021
65033
65035
65045
64886
65050
65052
65055
65064
65075
65084
65088
64822
65095
64902
64200
65117
65116
65122
65130
65140
65144
65152
65159
65163
64157
64178
60672
60679
60703
60722
60736
60733
60735
60746
60750
60771
60774
60788
60796
60834
60843
60849
60855
60862
60868
60886
60893
60918
60927
60935
60946
65168
65169
38553
65175
65184
65188
65198
65201
65203
65216
65220
65223
65232
65239
65242
65244
65258
63857
65270
65274
65281
65285
65287
65292
65301
65303
65308
60948
60976
60986
60992
60997
61005
61013
61032
61036
61041
61049
61033
61057
61075
61078
61064
61099
61100
61109
61140
61151
61154
61160
61164
61184
61193
61195
65309
65311
65323
65326
65328
65339
65352
65355
65360
65362
65368
65372
65374
65380
65386
65397
65403
65406
65421
62464
65438
65439
65454
65455
65458
65463
65474
61208
61217
61226
61245
61253
61264
61255
61273
61276
61280
61284
61287
61300
61302
61305
61316
61319
61326
61328
61337
61345
61355
61358
61365
61379
61382
61385
65478
65489
65493
65498
65502
65501
65506
65517
65524
65529
65533
65538
65540
65550
65553
65566
65585
65596
65615
65623
65626
65645
65647
65654
65660
65678
65688
61392
61400
61404
61407
61410
61422
61423
61427
61430
61439
61441
61447
61450
61453
61464
61469
61486
61493
61501
61504
61514
61526
61518
61532
61534
61547
61553
65692
65697
48041
65702
65710
65730
65739
65742
65746
65766
65771
65770
65794
65801
65803
65806
65457
65820
65823
65833
63851
65838
65845
65849
65856
65860
65870
61556
61563
61566
61569
61575
61583
61586
61587
61591
61594
61607
61608
61614
61624
57593
61630
61633
61636
61641
61647
61650
61655
61657
61665
61671
61675
61677
65877
65880
65889
65892
65897
65919
65921
65936
65944
65949
65951
65956
62454
62462
62475
62481
62484
62495
62499
62508
62531
62543
62545
62552
62547
62564
62568
61687
61690
61693
61696
61699
61707
61716
61720
61729
61732
61735
61738
61740
61753
61756
61759
61762
61765
61773
61779
61780
61785
61793
61794
61799
61802
61805
68313
68325
68338
68347
68360
68380
68389
68394
68396
68411
68416
68408
68405
68422
68428
68433
68435
68443
68451
68455
68463
68470
68473
68487
68491
68504
68520
62572
62579
62584
62597
62600
62602
62612
62615
62621
62624
62608
62631
62636
62641
62652
62658
62662
62663
62672
62675
62695
62698
62670
62707
62712
62714
62717
61813
61819
61825
61829
61838
61844
61847
61852
61861
61865
61867
32332
61878
61882
61885
61894
61897
61900
61903
61906
61909
61917
61923
61926
61929
61938
61941
68523
68538
68540
68542
67993
68547
68552
68555
68558
68565
68574
68576
68578
63290
63291
63293
63304
63309
63325
63328
63330
63334
63339
63345
63347
63348
63356
62720
62728
62731
62651
62736
62740
62750
62753
62756
62759
62771
62775
62780
62793
62796
62800
62816
62818
62825
62827
62835
62838
62840
62842
62846
62848
62851
61955
61963
61972
61983
61989
61992
61998
62005
54893
62010
62013
62016
62027
62030
62033
60687
62049
62055
62057
62068
62071
62077
62088
62092
62095
62098
62107
63360
63365
63367
63374
63380
63398
63400
63404
63407
63419
63421
63423
63429
63433
63437
63438
63440
63452
63445
63458
63468
63470
63471
63474
63495
63503
63509
62863
62867
62872
62876
57041
62889
62894
62900
62909
62912
62903
62919
62923
62924
62930
62936
62953
62914
62957
62960
62968
62970
62973
62982
62991
62992
62995
62110
62113
62127
62131
62132
62140
62143
62146
62151
62160
52544
62166
62170
62176
62180
62183
62186
62189
62202
62206
62218
62220
62223
62226
62233
62240
62242
63512
63515
63517
63525
63531
58329
63540
63542
63554
63559
63566
63573
63576
63580
63587
63593
63598
63605
63607
63623
63626
63630
63635
63636
63639
63641
63649
63005
63010
63013
63027
63025
63032
63035
63047
63049
63051
58611
63063
63081
63083
63092
63098
63101
63109
63111
63116
63126
63133
63135
50968
63144
63146
63150
62252
62254
62257
62263
62271
62273
62276
62279
62282
62290
62298
62304
62306
62310
62317
62320
62323
62327
62333
62340
62342
62344
62355
62357
62354
62363
62373
63653
63657
63663
63666
63670
63673
63676
63686
63688
63691
63692
63702
63706
63709
63727
63735
63740
63742
63297
63746
63763
63766
63774
63776
63793
63796
63794
63151
63160
63162
63166
63168
63177
63178
63186
63188
63199
63201
63207
63211
63217
63222
63235
63241
63244
63245
63264
63267
63270
63283
63286
63288
63277
63296
62376
62380
62390
62399
62402
55039
62414
62417
62420
62423
62432
62435
62440
62444
62451
58883
58885
58908
58967
59000
58731
59014
59032
59043
59058
59080
59180
63806
63802
63805
63813
63820
63821
63825
63826
63830
63842
63848
63854
63866
63910
63916
63938
63941
63915
63963
63958
63945
63970
63976
63979
63977
63993
63997
63300
63305
63316
63318
63322
63314
63327
63335
63344
63350
63351
63323
63353
63372
63362
63375
63396
63399
63402
63413
63417
63426
63430
31281
63447
63451
63454
59198
59210
59269
59294
59327
59347
59363
59416
59437
59458
59468
59493
59592
59595
59676
59695
59712
59721
59733
59737
59785
59791
59810
59837
59858
59865
59874
64013
64026
64039
63943
56374
64032
63994
64065
64063
64061
64072
64081
64041
64079
64086
64092
64085
63855
64101
64105
64108
64122
64134
64144
64143
64140
64148
63465
63477
63480
63488
63501
63510
63516
63521
63524
63526
63534
63537
63538
63543
63544
63551
63555
63560
63569
63571
63577
63591
63601
63602
63606
63608
63620
59899
59931
59936
59949
59975
60034
60052
60088
60097
60143
60160
60186
60208
60211
60231
60268
60275
60284
60288
60297
60310
60316
60356
60370
60373
58703
60431
64151
64155
64158
64170
64162
64172
64176
64182
64192
64201
64206
64210
63884
64225
64227
63878
64243
64238
64248
64251
64259
64266
64268
64280
64285
64296
64297
60438
60480
60498
60504
60517
60560
60579
60580
60583
60596
60608
60637
60660
57053
57060
57076
57109
57111
57117
29319
57152
57182
57186
57235
57261
57273
57337
49474
49529
49568
49749
49756
49781
49825
49871
49936
49981
49991
50129
50153
50211
50252
50326
50363
50407
50457
50484
50508
50521
50609
50628
50648
50671
50726
34537
65404
65407
65415
65420
65434
65451
65453
65461
56856
65472
65482
65483
65488
65490
65503
65504
65516
65518
65522
65544
65549
65551
56112
65559
65564
65569
57379
57408
57425
57429
57433
57452
57468
57488
57567
57576
57688
57739
57758
57804
57828
57998
58008
58002
58062
58067
58070
58130
58143
58185
58187
58226
58246
50745
50751
50791
50794
50864
50875
50899
50964
50991
51028
51050
51062
51064
51093
51099
51155
51186
51239
51349
51410
51502
51571
51611
51632
51636
51711
51784
65573
65579
65583
65593
65595
65601
65605
65606
65619
65628
65629
65636
65640
65644
65655
65661
65663
65668
65671
65686
65694
65701
65704
65717
65711
65728
65743
58294
58300
58316
49139
58403
58394
58457
58483
58527
58529
58600
58610
58615
58621
58639
58674
58680
58694
58693
58718
58742
58743
58758
58756
58755
58783
58793
51850
51854
51952
51973
52027
52036
52048
52059
52153
52192
52214
52235
52257
52289
52367
52496
52586
47291
47353
47625
47771
47832
47919
47973
48057
38627
48123
65745
65758
65759
65767
65774
65779
65782
65781
65793
64869
65798
65816
65675
65813
65835
65852
65863
65866
65871
65875
65878
65891
65893
65895
65902
65914
65926
58806
58827
58847
58861
58864
55228
55295
55329
55346
55362
55456
55478
55652
55717
55752
55780
55800
55829
55832
55860
55886
55896
55914
55922
55998
56062
56064
48162
48234
48274
48295
48379
48578
48669
48678
38305
48710
48824
48834
48867
46853
46917
46993
47098
28477
39964
39984
40036
40079
40088
40141
40199
40284
40529
65935
65940
65948
65950
65952
65961
65964
65967
65977
65990
65993
65997
66007
66009
66012
66018
66029
66033
66036
66040
66048
66057
66070
66078
66086
66090
66094
56006
56160
56166
56207
56215
56229
56234
56279
56283
56288
56291
56319
56429
56448
56489
56493
56530
56627
56645
56663
56685
56692
56733
56774
56786
56823
56832
40536
40552
40595
36225
36386
36454
36683
36721
36770
36978
36984
37042
37093
37142
37274
37340
37513
37516
37734
37909
37966
38000
38013
38038
38076
38212
38226
66111
66118
66119
66126
66137
66157
66170
66172
66188
66189
66206
66217
66223
66231
66232
66241
66243
66244
66247
66257
66268
66279
66301
66306
66308
66321
66328
56862
56888
56973
57033
53530
53541
53575
53592
53605
53642
53689
53732
53816
53876
53892
53921
53932
53986
54038
54111
54207
54256
54282
54313
54342
54357
54388
38231
38541
38583
38773
38791
38806
38847
39001
39075
39095
39096
39153
39216
39410
39437
39479
39487
39570
39625
39626
39635
39702
39864
39893
39910
39919
34348
66337
66355
66363
66371
66374
66381
64154
66397
66385
66404
66406
66409
66414
66417
66420
66431
66437
66454
66456
66462
66470
66472
66474
66479
66490
66493
66496
54429
54440
54445
54478
54553
54563
54584
54630
54648
54657
54663
54714
54793
54814
54954
54981
54991
55063
55080
55082
55135
55145
55164
55227
51763
51771
51785
34469
34506
34566
34639
34759
34887
34896
28173
35041
35205
35341
35472
35501
35633
35637
35655
35667
35893
35947
32525
32653
32860
32941
32951
33218
33393
33439
66499
66233
66511
66515
66522
66525
66531
66534
66537
66503
66547
66553
24215
66570
66572
66573
55554
66587
66589
66602
66604
66607
66610
66612
66619
66621
66629
51851
51868
51875
52031
52083
52168
52181
52230
52504
52506
52515
52593
52606
52616
52621
52703
52745
52847
52873
52984
52989
53007
53011
53019
53042
53070
53076
33455
33466
33493
33608
33634
33683
33741
33781
33891
33911
33945
34035
34095
34103
34131
34148
34224
34279
34299
30568
30711
30795
30828
31006
31008
31038
31094
66632
66641
66645
66650
66653
66662
66665
66672
66685
66703
66701
66706
66718
66720
66723
66726
66728
66736
66739
66742
66760
66762
66766
66769
66771
66779
66782
40001
40031
40094
40204
40214
40235
40299
40414
40445
40494
40531
40605
37995
38018
38165
37401
38190
38251
38266
38306
38487
38597
38639
38660
38710
38725
38984
38995
39016
39061
39065
39155
39347
39662
39686
39735
39745
36222
36252
36344
36536
36591
36622
36661
36691
36723
36771
36915
36941
36989
37020
37043
37058
37124
37163
37332
37473
37837
37968
34721
34900
34946
35009
35030
35121
35157
35224
35236
35408
35440
35492
35593
35675
34583
35764
35820
35839
35855
35871
35878
35908
35925
35982
32551
32591
32655
32786
32819
32859
32891
33020
33091
33120
33163
33270
33352
33366
33402
33479
33515
33540
33615
33765
33780
33866
33937
34079
34112
34258
34262
34265
34286
16223
30653
30702
30721
30739
30801
30991
31020
31025
31286
31396
31491
31574
31597
31784
31800
31815
31957
31962
31981
32031
32119
32141
30152
32204
32316
28944
28992
29023
29165
29240
29325
29333
29509
29583
29723
29830
29872
30047
30074
30154
30174
30239
30282
30368
30458
30563
30589
26916
26950
23167
27101
27152
27169
27265
27323
27413
27417
27586
27735
27760
27928
27966
28048
28069
28101
28237
28343
28430
28462
28554
28565
28647
28686
28758
28781
25108
25136
25160
25176
25200
25254
25288
25303
25353
25434
25440
25459
25465
25471
25501
25570
25624
25634
25643
25711
25789
25809
25828
25862
25882
25925
25998
26077
53091
53100
53187
53199
53210
53326
53349
53400
53404
53437
49980
49999
50016
50028
50041
50106
50110
50152
50168
50169
50183
50209
50216
50273
50334
50353
50420
50433
50464
50522
50580
50693
50698
50714
50731
50749
50920
50952
50967
48494
51063
51104
51283
51294
51387
51457
51514
51574
51664
51691
51712
48203
48296
48333
48357
48419
48489
48547
48607
48702
48749
48819
48887
48999
49067
49089
49101
49189
49231
49240
49250
49256
49298
49351
49369
49388
49404
49422
29307
49466
49547
49589
49619
49676
49690
49759
49766
49810
49877
49887
49902
49904
49922
49959
46857
46894
47351
47372
47409
47433
47474
47556
47617
47623
47639
47658
47684
47723
47743
47764
47802
47936
47940
47943
48002
48046
48142
24179
39500
39431
35696
39734
39776
39894
39920
40005
40081
40181
40210
40206
40250
40265
40327
40544
40587
37555
37603
37674
37685
37718
37842
37876
37967
37988
38042
38167
38202
38213
38348
38377
38452
38533
38601
38654
38700
38713
38728
38739
38826
35714
35721
35754
35760
35961
35965
36070
36087
36115
36469
36513
36535
36601
36656
36728
36798
36853
36887
36898
37028
37031
37114
37140
37194
37241
37259
37365
33903
33954
33969
34061
34145
34290
34354
34391
34399
34447
34682
34780
34828
34962
34974
35072
35092
35113
35202
35353
35418
35468
35473
35534
35542
32003
32082
32233
32259
32283
32485
32493
32516
32552
32648
32660
32677
32694
32703
32736
32735
32846
32963
33006
21593
33159
33285
33315
33321
33502
33519
33572
33593
33645
33719
33732
30101
30224
30229
30287
30324
30166
30534
30741
30793
30847
30899
30989
31004
31060
31193
31209
31224
31280
31309
31335
31449
31492
31538
31720
31814
28199
28255
28429
28506
28578
28855
28958
29007
29086
29114
29155
29227
29263
29443
29495
29524
29577
29598
29700
29752
29757
29777
29869
29871
29895
26407
26427
26518
26539
26605
26690
26694
26756
26762
26804
27013
27190
27201
27319
27357
20168
27695
27740
27769
27847
27957
27991
28066
24560
24607
24708
24777
24849
24874
24914
24922
24953
25020
25041
25046
25052
25212
25356
25391
25422
25502
25507
25615
25821
25917
26052
26073
26220
26254
26261
26274
26324
22655
22738
22850
23083
23149
23153
23238
23248
23333
23433
23485
23502
23548
23573
23717
23731
23835
23861
23887
23916
23990
24069
24074
24136
24259
24386
20675
20692
20771
20830
20929
21177
21235
21288
21515
21607
21681
21702
21712
21852
22014
22139
22286
22320
22344
18852
18904
18979
19029
19174
19334
19509
19630
19745
19782
19848
19868
19933
19984
20060
20117
20128
20163
20337
20408
20447
20486
20579
17137
17250
17256
17293
17387
17540
17605
17710
17738
17786
17851
17968
17999
18046
18290
18344
18370
18385
18414
18508
18511
18550
18609
18657
18724
18764
15236
15558
15605
15640
15660
15868
15877
15888
16153
16212
16216
16322
16352
16403
16615
16855
16884
16922
13384
13447
13456
64298
64313
64317
64318
64329
63894
64346
64353
64356
64364
64379
64322
64389
64392
64407
64410
64425
64435
64439
64438
64443
64452
64457
64391
64461
64470
64471
13561
13647
13713
13757
13870
13897
13935
13953
13974
14048
14077
14311
14362
14420
14616
14667
14838
14841
14907
15133
12164
12200
12252
12366
12379
12414
12441
64480
64490
64510
64511
64514
55573
64534
64532
64546
64548
64554
64561
64566
64568
64573
64583
64579
64607
64609
64616
64619
64621
64624
64633
64641
64653
64650
12471
12473
12591
12627
12633
12832
12853
12973
13035
13042
13051
13180
13194
13266
13324
68590
68593
63911
68604
68615
68407
68632
68635
68649
68654
68664
68669
64660
64668
64678
64684
64690
64698
64705
64711
64717
64720
64724
64727
64730
64744
64746
64748
64754
64766
64767
64772
64782
64788
64791
64792
64922
64849
64870
68675
68690
68697
68701
68705
68714
68726
68735
68743
68748
68762
68764
68769
68774
68779
68787
68803
68806
68814
50166
68820
68840
68843
68846
68848
68862
68870
64920
64931
64930
64915
64925
64911
64940
64885
64845
64835
64812
64955
64816
64958
64855
64966
64969
64974
64986
64990
64808
64859
64817
64815
65007
61519
61523
68873
68878
68886
63934
68893
68899
68923
49513
68945
68948
68404
68956
68966
68980
68987
68999
69010
69017
69022
69025
69032
68789
69037
69045
69055
69061
69066
61524
61541
61548
61555
61557
61560
61568
61571
61574
61577
61588
61590
61595
61596
61599
61602
61609
61613
61622
61629
61635
61638
61649
61652
61656
61663
61670
69075
69083
69097
69100
69113
69118
69123
69127
69139
69079
69146
69150
69156
69163
69174
69197
69215
69218
69227
69230
69244
69251
69255
69263
69275
69283
69286
61676
61680
61684
61695
61698
61701
61704
61714
61718
61721
61723
61734
61737
61741
61746
61749
61758
61761
61764
61767
61770
61778
61782
61787
61790
61798
61801
69297
69309
69319
69330
69372
69381
26692
65018
65020
65029
65034
65036
65041
65051
65054
65056
65060
65070
65072
65081
65085
65090
65093
65096
65099
65104
64900
61804
61807
61810
61818
61821
61823
61828
61830
61833
61840
61843
61846
61849
55903
61860
61864
61859
52129
61884
61887
61891
61902
61905
61911
61913
61922
61931
65110
65113
65106
65126
65132
64828
65145
65147
65151
65158
65161
64847
65174
65176
65177
65185
65190
65194
65202
64883
65206
65208
65210
65221
65224
65226
65229
61934
61954
61957
61960
61968
61974
61980
61991
61997
52348
62002
62009
62012
62018
62021
62024
62035
62036
62040
62051
62054
62056
62059
62062
62065
62073
21318
65241
65246
65247
64836
65269
65272
65275
65277
65286
65291
65294
65296
65298
65316
65322
65325
65327
65332
65341
65343
65353
65356
65363
65370
65373
65379
65389
66783
66789
66798
64839
66800
66805
66809
66819
66826
66830
66832
66841
66846
66865
66866
66871
66874
66887
66891
66688
66903
66923
66941
66949
66960
66968
66970
65394
65395
65402
65405
65409
65410
65413
65417
65412
65424
65428
65429
65442
65443
65446
65462
65465
65471
65479
65468
65480
65491
65507
65512
65513
65537
65542
66980
66984
66988
66994
67001
67004
67007
67011
67014
67021
67027
67039
63522
63523
63331
63545
63550
63556
56855
63567
63581
63586
63599
63600
63604
63603
63613
65552
65554
65561
65563
64055
65565
65571
65590
65592
65598
65603
65611
65616
65620
65625
65630
65637
38483
65682
65691
65713
65715
65719
65726
65729
65732
65744
63616
63621
63628
63629
63637
63638
63642
63650
63646
63658
63661
63664
63667
63677
63684
63680
63698
63699
63703
63710
63733
63734
63744
63743
63750
63757
63764
65748
65756
65760
65735
65778
65784
65790
65792
65800
65802
65804
65811
65819
65821
65825
65826
65830
65837
52320
65855
65858
65879
65881
65886
65887
65899
65905
63548
63773
63785
63799
63801
63816
63815
63822
63833
63843
63853
63849
63596
63903
63880
63896
63877
63929
63957
63940
63893
63966
63982
63965
63924
63978
64022
65917
65928
65947
65955
65960
65972
65976
65979
65985
65987
65989
66008
66034
66039
66050
66061
66064
66068
66077
66082
66099
66103
66117
66120
66125
66127
66136
64020
63868
64047
64053
64054
64049
64050
64008
64066
64074
64076
64001
64088
64094
64099
63951
64109
64113
64118
64117
64126
64123
64146
64142
63971
63935
64164
66139
66142
66146
66154
64837
66163
66165
66171
66176
66180
66184
66187
66215
14034
66230
66234
66236
66238
66240
66256
66281
66291
66293
66299
64802
66309
66312
33034
64165
64166
64180
64175
64181
64183
64194
63983
64199
64203
64211
64217
64220
64219
64230
64231
64236
64252
64258
64269
64272
64275
64288
64291
64295
64304
66314
66322
66324
66342
66353
66359
66360
66375
66396
66400
66402
64872
66418
66382
66429
66432
66434
66444
66446
66449
66453
66465
66469
66480
66485
66491
66497
64314
64331
64332
64349
64347
64354
64355
64361
64365
64368
64374
64382
64385
64388
64367
64402
64409
64413
63867
64424
64429
64431
64445
64451
25457
64462
64466
26460
66513
66521
66524
66538
66546
49685
66560
66565
66574
66577
66579
66593
66598
66601
66613
66618
66622
66633
66642
66651
64833
66658
66671
66675
66678
66686
64469
64481
64487
64506
64508
64509
64515
64523
64525
64500
64544
64552
64558
64562
64565
64572
64578
64581
64582
64589
64590
64596
64597
64600
64608
64610
64612
64615
64623
64625
64632
64636
64644
64647
64652
64655
64657
64669
64673
64679
64691
64693
64697
64712
64716
64721
64728
64731
64743
64751
64755
64758
64761
64752
64776
64784
64670
55567
64895
64810
64914
64901
64844
64927
64884
64846
64875
64928
64936
64939
64904
64943
64945
64948
64944
64829
64962
64964
64851
64979
64981
64876
55894
64998
64866
64889
65024
65026
65028
64807
65039
65046
65042
65062
63962
65065
65069
65071
64840
65083
65103
65105
65109
65114
65119
28217
65121
65137
65142
65141
65150
65153
65167
65164
65178
63432
65197
65199
65204
65209
65214
65215
65219
65227
65230
65234
65236
65238
65250
65259
65263
65266
61717
61724
61727
61730
61733
61736
61744
61747
61750
61754
61757
61760
61774
61777
61781
61788
61791
61796
61800
61808
61811
61814
61817
61836
61839
61842
61850
61853
61855
61858
61862
61869
61872
61895
61898
61901
61904
61912
61915
61918
61921
61932
61935
61942
61951
61958
61964
61981
61984
61987
61990
61993
62000
62003
62006
62008
62014
62022
62025
62031
62034
62041
62044
62047
62050
62053
59195
62069
62072
62076
62084
62087
62090
62093
62101
62108
62111
62114
62126
62129
62133
62135
62138
62147
62154
62157
62159
62162
62164
62172
62179
62181
62185
62193
62197
62201
62204
62207
62212
62215
62216
62219
62228
62231
62234
62238
62241
62247
62250
62255
62258
54869
54875
54984
55022
55093
55101
55105
55153
55165
55168
55201
55208
55239
55304
55313
55311
55318
55321
55341
55355
55367
55406
55414
55428
55446
55470
55419
62266
62269
32101
62274
62277
62286
62289
62293
62296
62299
62302
62305
62314
62318
62321
62335
62338
62341
62347
62349
62356
62359
62366
62372
62386
62388
62391
55418
55508
55597
55607
55638
55680
55689
55724
55727
55731
55751
55781
55801
55850
55902
55907
55921
55923
52417
52432
52457
52502
52520
52574
52585
52759
52837
62397
62410
37870
62415
62426
62428
62431
62437
62439
62447
62441
62452
62455
62466
62469
62472
62476
62479
62482
62489
62492
62502
62505
62515
62523
62168
62526
52920
52975
53072
53124
53164
53220
53262
53295
53310
53361
53375
53436
53546
53600
53614
53664
53676
53687
53697
53728
53782
53793
53820
53855
53883
53894
53908
62529
62536
62284
62554
62558
62560
62566
62574
62577
62580
62586
62594
62598
62609
62614
62618
62635
62643
57969
62655
62659
62666
62673
62676
62684
62688
62692
53922
53945
54016
54051
54053
54082
54123
54147
54150
54158
54235
50639
50741
50760
50880
50914
50931
50978
50986
51061
51066
51177
51235
51255
51279
51323
51437
62693
62696
62702
62705
62713
62726
62729
62732
62734
62742
62745
62751
62754
62763
62765
62768
62772
62774
62786
62789
62791
62794
33933
62806
62809
62811
62804
51443
51618
51704
51810
51823
51916
51983
52006
52021
52044
52064
52087
52132
52135
52138
52158
52265
52306
52347
52391
48849
48855
48885
48934
49094
49188
49215
62817
62830
54055
62833
62839
62849
62852
62853
62858
62862
62864
62865
62871
62884
62887
62890
62904
62908
62910
62913
62917
62928
62915
62933
62943
62947
62950
49266
49269
49280
49305
49324
49379
49412
49415
49421
49441
49594
49603
49652
49845
49867
49876
49903
49915
49995
50083
50061
50099
50119
50161
50282
50292
50305
62955
62964
62971
62985
62989
62993
63002
62952
63007
63011
63019
63021
63024
63028
63030
63039
63043
63045
63008
63056
63066
63069
63075
63079
63086
63090
63093
50386
50397
50417
50448
50466
50474
50571
50578
50601
47090
47164
47238
47276
47508
47530
47558
47736
47773
47864
47889
47910
47951
47965
47989
48065
48074
48170
63095
63099
63110
63120
63128
63127
63131
63143
63145
63147
63158
63159
63165
63183
63190
63192
63198
63197
63206
63195
63216
63220
63221
25279
63239
63242
63276
48230
48233
48254
48294
48324
48347
48370
48414
48424
48463
48467
48475
48497
48580
48623
48677
48685
48781
48784
37166
46949
46998
39777
39791
39846
39854
39933
63279
63284
63281
63294
63298
63301
63319
63320
63324
63338
63340
63346
63364
63368
63370
63393
63401
63406
63411
63418
63420
63427
63431
63441
63439
63450
63456
68251
68260
68274
68277
68279
68286
68289
68291
68301
68307
68321
68330
68333
68348
68355
68359
68371
68388
63891
68406
68419
68424
68429
68409
68447
68403
68466
31133
31204
31214
31276
31314
31346
31428
31471
31530
31575
31635
31654
31833
31838
31991
32029
32136
32179
32091
32246
32284
32378
32393
28584
28595
28644
28687
63459
63460
63467
63478
63485
63496
63499
63502
63505
63513
63519
59943
59978
59985
59990
60005
60026
60035
60054
60062
60141
60155
60154
60162
60170
60182
60206
68471
68474
68486
68489
68492
68503
68505
68507
68516
68522
68553
68566
68569
68573
68577
68597
68600
68613
68627
68630
68643
68657
68659
68677
68681
68684
68692
28725
28793
28798
28819
28883
28990
29053
28037
29128
29134
29250
29315
29334
29373
29397
29438
29457
29474
29476
29688
29835
29927
29972
30022
30062
30202
30261
60217
60224
60260
60304
60308
60311
60328
60349
60368
60395
60397
60410
60436
60439
60452
60459
60497
60532
60549
60559
60571
60592
60598
60633
60645
60659
60663
68698
68707
68742
68747
68755
68760
68763
68765
68775
68777
68780
68782
68790
68813
68815
68821
68824
68851
68855
68868
68875
68887
68889
68891
68897
68916
68922
30404
30488
26749
26784
26870
26924
27221
27257
27337
27540
27714
27904
27980
28056
28109
20653
28375
28474
24905
24968
24983
25035
25043
25079
25095
25107
25196
60658
60685
60723
60731
60739
60744
60762
60767
60776
60789
60794
60798
60805
60820
60828
60831
60840
60842
60850
60858
60863
60866
60869
60879
60882
60883
60890
68925
68941
68946
68979
68994
69002
69009
69015
69023
69028
69051
69059
69062
69074
69070
69078
69098
69106
69114
69128
69137
66823
63862
69142
69154
69169
69175
25324
25357
25411
25451
25622
25746
25803
25877
25958
26103
26139
26145
26656
22976
23006
23028
23064
23104
23243
23267
23307
23320
23357
23414
23494
23591
23748
60912
60929
60937
60943
60947
60962
60972
60975
60984
60988
60993
61006
61009
61022
61024
61037
61044
61047
61051
61061
61076
61085
61088
61092
61098
61105
61126
69184
69198
69231
69236
69245
69248
69261
69278
69281
69288
69304
69310
69328
69348
69357
69374
69387
69390
69396
65966
65968
65974
65981
65984
65988
66001
66004
23821
23851
24000
24096
24166
24192
24343
24346
24569
24580
24609
24616
24626
21329
21462
21542
21579
21591
21641
21783
21819
21858
21876
21900
21983
21992
22075
61128
61138
61167
61173
61174
61188
61191
61194
61209
61210
61213
61223
61234
61240
61247
61250
61254
61258
61260
61277
61282
61298
61295
61312
61317
61320
61332
66010
66014
66019
66021
66023
66024
66035
66058
66062
66071
66088
66096
66122
66121
66130
66138
66143
66149
66155
66160
66164
66174
66179
66182
66192
66195
66196
22222
22252
22293
22295
22821
19299
19351
19404
19536
19836
19879
20007
20010
20101
20153
20190
20204
20302
20339
20345
20549
20608
20621
20730
20863
17270
17301
61335
61340
61342
61350
61353
61360
61366
61376
61377
61381
61386
61391
61397
61395
61405
61417
61424
59103
61434
61436
61442
61445
61448
61457
61461
61463
61466
66204
66208
66225
66229
66242
66248
66250
66245
64806
66261
66265
66272
66278
66283
66287
66290
66295
66297
66300
66302
66313
61327
66335
66338
66340
66343
66349
17415
17455
17633
17694
17700
17703
17708
17732
17801
17883
17900
17948
17951
18157
18203
18275
18435
18568
18601
18811
18842
18931
15724
15791
15800
15819
15828
61470
61478
61481
61485
61488
61503
61505
61517
61520
61522
61527
61529
61539
61545
61551
61558
61564
61567
61570
61581
60196
61584
61589
61603
61605
61610
61612
66354
66357
66361
66365
66370
66373
66376
66399
66408
66411
66428
66430
66442
66445
66458
66461
66467
35663
66475
66481
66498
66501
66502
66514
66516
66527
66530
16152
16158
16172
16186
16307
16428
16453
16461
16556
16559
16682
16748
16820
16959
16961
16979
16987
17055
17058
17119
17173
17193
17239
13736
13844
13919
13957
61621
61623
61627
61628
61631
61639
61643
61645
61651
61662
61666
61669
61672
61674
61682
61685
61688
61691
61694
61702
61709
58217
58220
58238
58256
58278
58373
58409
58446
58510
58521
58525
58539
58585
58596
58622
58642
58663
58675
58685
58695
58709
58713
58835
58852
58849
58880
58896
58912
58210
58952
33251
58996
59007
59052
59071
59094
59116
59165
59222
59250
59266
59270
59286
59367
59370
59378
59395
59401
59409
59474
59491
59490
59545
59554
59588
59627
59638
59663
59720
59724
59745
59769
59777
59787
59801
59819
59846
59867
59878
59888
59893
59924
59926
56490
56623
56640
56655
56668
56698
56722
56804
56813
56870
56908
56955
56990
57000
57015
57021
57029
57037
57064
57081
57086
57112
57159
57277
57288
57307
57334
57344
57428
57446
57476
57494
57529
55558
57559
57600
57606
57641
57663
57680
57712
57743
57756
57813
57832
57962
57965
57981
57997
58015
58059
58068
58090
58109
58168
58186
54666
54689
54701
54734
54749
54751
54821
54935
54997
55036
55074
55137
55241
55255
55263
55277
55280
55289
55298
55335
55384
55411
55426
55533
55609
55629
55641
55672
55691
55702
55711
55709
55723
55726
55786
55795
55827
55833
55892
55897
52335
55909
55912
55931
55934
55995
56034
56158
56175
56138
56246
56249
56294
56332
53041
53050
53103
53304
53323
53401
53432
53509
53536
53547
53587
53656
53705
53710
53779
53828
53867
53915
53918
53977
54081
54094
54097
54109
54134
54138
54145
54163
54168
54216
54226
52339
54288
54307
54336
54339
54368
54384
54443
62079
62094
62097
62100
62112
62115
62118
62122
62125
62136
62141
62148
62153
62156
62163
62165
62169
62182
62184
62188
62192
62196
62198
62200
62208
62214
62222
63373
63387
63390
63409
63412
63425
63435
63434
63448
63457
63473
63483
63489
63491
63494
63497
63500
63507
63511
63520
63528
63530
60350
63533
63541
63552
63561
54444
54501
54504
54556
54587
54611
54628
51092
51127
51162
51309
51359
51362
51399
51468
51506
51512
51539
51583
51608
51731
51786
51795
51830
51861
51957
52000
62227
62230
62239
62244
62246
62249
62261
62264
62268
62275
62278
62281
62285
62288
62292
62295
62303
62307
62312
62322
62325
62329
62331
62339
62326
62343
62350
63564
63565
63570
63575
63578
63584
63597
63610
63615
63617
63624
63627
63631
63640
63643
63654
63655
63659
63669
63671
63675
63678
63685
63697
63694
63708
63714
52008
52113
52119
52131
37875
52199
52291
52405
52407
52437
52482
52537
52551
52578
52615
52630
52809
52843
49184
49212
49285
49344
49358
49361
49482
49530
49542
62360
62364
62378
62385
62379
62393
62398
62401
62407
62416
62419
62421
62424
62429
62436
62443
62445
62456
62458
62460
62465
62483
62488
62490
62496
62497
62509
63723
63729
63730
63731
63741
63747
63745
63749
63752
63759
63762
63778
63779
63781
63790
63791
63798
63809
63814
63812
63824
63828
63831
63836
63839
63846
63873
49608
49660
49666
49680
49683
49698
49704
49797
49855
49858
49895
49933
49945
49958
50145
50162
50228
50257
50284
50318
50327
50401
50445
50493
37520
50653
50660
62510
62514
62516
62524
62521
62527
62530
62538
62549
62550
62555
62557
62567
62571
12390
62569
62587
62590
62593
62599
62603
62606
62607
62610
62625
62629
62638
63874
63879
63908
63913
63918
63870
63949
63947
63939
63959
63937
63955
63926
63992
63995
64019
64006
64029
64044
63975
64057
63967
64035
64038
64017
63944
63956
50743
50826
50844
50902
50905
50977
50979
47402
47460
47464
47472
47921
47983
47986
48051
48091
48110
48120
48143
48172
48214
48226
48519
48583
48628
48660
48666
62642
62645
62654
62660
62657
62667
62668
62674
62677
62681
62683
62685
62697
62700
62494
62706
62716
62718
62722
62724
62723
62733
62735
62739
62741
62744
62752
64062
64075
64083
63872
64043
64042
64089
64102
64106
64110
64124
64125
64139
64135
64147
64156
64159
64168
64161
64160
64191
64196
63892
64207
64209
63933
64215
48720
48786
48882
48960
48981
49001
49129
46856
46897
46978
47022
47100
47209
47263
47315
47323
47326
23423
40155
40185
40205
40308
40323
40451
40519
40576
40586
62755
62758
62762
62761
62773
62776
62770
62777
62785
62788
62795
62801
62805
62808
62803
62812
62826
62832
62836
29785
62843
62850
62546
62857
62860
62870
62869
64218
64228
64232
64242
64245
64246
64253
64256
64264
64267
64273
64284
64287
64292
64300
64320
64321
64323
64326
64339
64342
64345
64350
64357
30649
64363
64370
38220
38254
38285
38286
38356
38365
38599
38652
38667
38743
38774
38933
38937
38971
38987
39014
39182
39276
39323
39349
39382
39448
39458
39459
39574
39580
39586
62874
62877
62895
62899
62902
62907
62916
62920
62922
62921
62935
62937
62939
62945
62954
62956
62959
62962
62963
62972
62975
62978
62986
62988
62994
62981
63001
64386
64397
64403
64408
64414
64415
64422
64426
64428
64432
64441
64442
64449
64458
64463
64465
64472
64477
64479
64482
64496
64503
64505
63882
64512
64518
64521
39583
39654
39800
39925
30924
30946
31003
31048
31101
31169
31251
31366
31374
31430
31464
31474
31559
31602
31613
31623
31697
31749
31853
31870
31892
31910
32024
63003
63009
63012
63029
47759
63046
63054
63057
63061
63065
63078
63097
63100
63115
30386
63122
63125
63132
63137
63141
30623
63149
63153
63155
63157
63161
63164
64524
64531
64535
64540
64547
64551
64553
64559
64570
64574
64580
64585
64587
64591
64595
36237
64606
64604
64613
64620
64622
64646
64649
64667
64671
64685
64683
32134
32163
32244
32257
32292
32302
32440
32455
32540
34476
34779
34808
34838
34856
34874
34972
35012
35081
35185
35294
35404
35541
35598
35620
35657
35802
35814
63169
63174
63181
63187
63204
63205
63214
63224
63227
63230
63232
63240
63253
63257
63266
63269
63271
63275
59788
59790
59817
59820
59851
59861
51148
59882
59884
64689
64695
64703
64709
64700
64723
64725
64729
64732
64722
64753
64756
64762
64771
64779
64790
64793
64794
64796
64871
63946
64924
64917
64910
64907
64894
64857
59923
59942
59984
59988
60031
60041
60063
60126
60148
60164
60169
60172
60190
60218
60237
60281
60315
60320
60336
60363
60398
60414
60428
60442
60444
60463
60476
64826
64897
64880
64811
64852
64841
64946
64950
64952
64881
64832
64804
64972
64977
64978
61429
61431
61438
61451
61454
61459
61465
61477
61483
61492
61494
61497
60499
60506
60531
60537
60575
60582
60585
60589
60602
60628
60642
60653
60670
60694
60717
60726
60754
60766
60777
60779
60793
60781
60801
60809
60832
60839
60857
61500
61502
61512
61516
61521
61525
61536
61540
61543
61546
61554
20744
61559
61562
61565
61573
61578
61582
61585
61592
61593
61598
61601
61604
61606
61615
61619
51228
60867
60870
60874
60878
60881
21312
60895
60899
60913
60916
60920
60924
60957
60971
60996
60999
61003
61012
61023
61026
61040
61053
61055
61073
61080
61084
61626
61634
61637
61640
61646
61654
61661
61664
61667
33156
61681
61686
61689
61700
61703
61706
61711
61715
61722
61725
61728
61731
61742
61745
61748
61751
61755
61096
61095
61123
61134
61141
61143
61147
61149
61157
61161
61169
61176
32896
61205
61207
61219
61227
61238
61262
61265
61267
61266
61278
61283
61289
61301
61304
61763
61766
61769
61772
61775
61783
61786
61789
61792
61795
61803
61806
61809
61824
61826
61832
61834
61837
61848
61851
61854
61870
61873
61883
61886
61890
61907
61309
61310
61313
61321
61324
61339
61344
61349
61352
61361
61364
61367
61369
61375
61394
61390
61406
61413
61416
61426
61432
61437
61446
61449
61452
61456
61458
61910
61914
61927
61930
61933
61940
61953
61956
61965
61973
61975
61982
61988
61996
62001
62004
62017
62020
62023
62026
62037
62039
62042
62045
62048
62061
62067
61467
61468
61474
14800
61491
61495
61499
61509
61513
57986
58063
58076
58088
58092
58114
58145
58161
58189
58206
58230
58255
58267
58283
58305
58314
58339
58348
62070
62078
62085
62089
62099
62103
62106
62117
62120
62124
62128
62130
62142
62152
62155
61948
62167
62171
62174
62177
62187
62190
62194
62199
62203
62205
62210
58389
58388
58396
58406
58428
58471
58509
57057
58528
58575
58584
58645
58677
58679
58736
58785
58802
58834
58863
58874
58900
58907
58919
58926
58937
58947
58968
62217
62221
62225
61179
62229
62243
62248
62251
62253
62262
62265
62267
62270
62280
62283
62287
62291
62294
62300
62309
62311
62313
62324
62330
62334
62336
62345
14205
14211
14315
14545
14578
14630
14663
14672
14680
14726
15084
15138
15283
12237
12323
12333
12496
12524
12548
12731
12838
12879
12953
13079
13531
68508
68510
62348
55570
62353
62368
62371
62381
62382
62389
62392
62400
62411
62425
62427
62430
62442
62446
62448
21544
62459
62463
62467
62470
62473
62474
62478
62485
62493
68512
68534
68541
68544
68546
68554
68572
68596
68601
68603
68606
68612
68623
68629
68639
68641
68647
68651
68653
68671
68676
68399
68722
68718
68728
68617
68754
62491
62498
62504
62506
62517
62518
62520
50921
62534
62537
62541
62551
62553
62556
62559
62561
62563
62573
62575
62578
62581
62588
62591
62596
62604
62605
62611
68758
68766
68781
68793
68802
68811
68816
68817
68819
68836
68850
68881
68892
68898
68905
68910
68915
68920
68928
68971
68982
68618
68991
68993
68998
69004
69024
62623
62622
62626
62627
62565
62632
62640
62646
62650
62661
57270
62671
62679
62682
62686
62690
62687
62699
62701
62704
62703
62709
62711
62725
62727
62730
62737
69064
69065
69073
69041
69086
69099
69108
69117
69122
69129
69132
69134
69143
69168
69178
69200
69213
69220
69232
69238
48617
69257
69259
69268
69271
69280
69292
62738
62743
62746
62749
62757
62760
62764
62766
62769
62778
62781
62792
62799
62802
62807
62814
62819
62828
62831
62834
62844
62845
62847
62855
20433
62859
62861
69298
69301
69308
69376
69383
69389
66712
66715
66717
66724
66734
66740
66757
66765
66767
66777
66780
66784
66794
66796
66824
66827
66839
66847
66857
66876
66884
62866
62873
62875
62879
62881
62882
62886
62888
62898
62901
62905
62911
62918
62926
62929
62931
62932
62938
62951
62961
62967
62969
62977
62980
62990
53610
62998
66888
66896
66899
66918
66926
66927
66940
66937
66947
66955
66959
66961
66963
66966
66982
66987
66997
67000
67002
67005
67024
67045
67048
67060
67061
67065
67081
63000
63006
63018
63020
63022
63026
63033
63036
63038
63041
63034
63053
63059
63064
63073
63082
63084
63088
63091
63102
63105
63108
63117
63124
63129
63136
63139
67084
67094
67103
67110
67113
67121
67127
67131
67133
67136
67145
67149
66394
67157
67165
36141
67175
67184
67193
67197
67206
67216
67220
67227
67230
67237
67247
63148
63152
63156
63170
63173
59669
59701
59725
59734
59740
59755
59759
59761
59805
59818
59841
59897
59907
59927
59944
59989
60003
60007
60009
60029
60032
60068
67253
67256
67266
67270
67272
67275
67278
67289
67292
67298
67308
67313
67315
67321
67328
67339
67347
67356
67373
67378
67381
67390
67393
67396
67399
67419
67421
60112
60269
60282
60301
60307
60317
60334
60346
60359
60372
60392
60447
60450
60473
60484
60553
60612
60676
60699
60702
60719
60740
60752
60755
60763
60772
60775
66549
66552
66554
66569
66575
66588
66591
66594
66596
63014
66606
66609
66628
66646
66649
66654
66668
66673
66676
66681
64023
66711
66714
66722
66725
39305
66733
66741
66744
66747
66752
66764
66768
66773
66776
66786
66790
66792
66811
66815
66822
66834
66845
66870
66886
66890
66897
66913
66921
66931
66951
66954
66958
66964
66967
66971
66973
66976
66978
66986
66993
66996
66999
67018
67025
67028
67030
67035
67037
67055
67059
67062
67074
67078
67091
67098
67101
67099
67111
67114
67120
67123
67132
67135
67148
67158
67164
67167
67176
67179
67182
67187
67205
67208
67219
67226
67243
67257
67260
67262
67268
67277
67280
67287
67291
67300
54312
67299
67310
67276
67330
67341
67343
67357
67362
67372
67380
67400
67407
64202
67426
67424
67431
67442
67455
67467
67475
67477
67491
67498
67511
67514
67522
67521
67532
67537
67542
67557
67561
67573
67576
67597
67600
67610
67617
67625
67633
67636
67639
67642
67645
67653
67656
67659
67666
67679
67682
67665
67689
67698
63961
64197
64198
64205
64208
25060
64221
64233
64234
64239
64244
64254
64261
64265
64260
64279
64286
64293
64294
64301
64303
64308
64312
64315
64319
64316
64327
64328
64340
64341
64348
64351
64358
64359
64366
64369
64373
64376
64378
64383
64390
64393
64396
64406
64418
64433
64437
64440
64450
64454
64456
64464
64475
64436
64486
64495
60780
60795
60797
60804
60806
60787
60826
60833
60836
60838
60860
60873
60880
60885
60894
60902
60934
60944
60949
60963
60980
60981
61001
61010
61042
61045
61056
61062
61069
61081
61086
61089
61101
61107
61119
61125
61144
61152
61155
61168
28405
61186
61192
61203
61206
61204
61212
61225
61224
61229
61233
61246
61249
61252
61268
61270
61275
61285
61279
61290
61306
61307
61314
61315
61325
61333
61336
61343
61347
61351
61354
61357
61370
61374
61378
61380
61388
61393
61398
61408
61412
57922
57993
57996
58031
58077
58094
55405
58105
58125
58137
58223
58233
58245
58336
58351
58354
58357
58399
58442
58462
58477
58590
58633
58664
58705
58741
58748
58751
58752
58767
58781
58801
58808
58816
58830
58848
58854
58887
58893
58895
58911
58932
58942
58961
58992
59013
59059
59127
59147
59149
59177
59191
59239
59260
59277
59283
59316
59336
59344
59383
59466
59472
59488
59512
59551
59576
59601
59633
56103
56125
56167
56208
56216
56223
56244
56262
56292
56337
56483
56531
56610
67703
67706
67709
67722
67725
67740
67742
67748
67764
67765
67787
67797
67799
67802
67806
67819
67824
67826
67836
67834
67843
67862
67866
67879
67885
67940
67946
56618
56634
56643
56700
56712
56763
56768
56929
56935
56943
56950
56967
56993
56998
57072
57079
57142
57178
57240
57317
57339
57415
57469
57506
57526
57537
57542
67958
67962
67973
67988
68007
68016
68053
68056
68058
68093
68096
68114
68122
68126
68129
68132
68160
68165
68189
68191
68195
68215
68209
68220
68224
68232
68235
57568
57574
57588
57648
57651
57654
57672
57730
57745
57772
57783
57826
57831
57861
54250
54310
54322
54401
54420
54512
54521
54582
54642
54687
54719
54848
54863
26141
24211
26308
26336
26445
26477
26487
26508
26599
26686
26780
26795
23237
23332
23477
23657
23736
23784
23950
23958
24039
24147
24257
24415
24522
24654
24774
24835
24925
24980
21187
21302
21306
21395
21451
21782
21806
21984
22049
22127
22189
22206
22497
22512
22548
22674
22682
22839
22872
22995
23066
19767
19959
20012
20070
20191
20252
20280
20334
20407
20638
20747
20794
20865
20922
20949
21051
21086
21178
17838
17843
17882
18419
18506
18628
18652
18668
18704
18847
18934
19058
19204
19212
19290
19329
15941
15955
16003
16504
16521
16558
16727
16984
17220
17309
17398
14210
14353
14369
14430
14460
14568
14626
14790
15072
15122
15266
15288
15333
15484
12274
12309
12383
12436
12552
12765
12769
13013
13022
13205
13493
13686
36324
36381
36403
36500
36590
36714
36756
36923
36940
36964
37144
37232
37254
37263
37446
37486
37568
37578
37588
37671
37692
37827
37838
37860
37864
38007
38108
38112
67047
67049
67053
67056
67064
67067
67070
67085
67097
60178
67112
67126
67143
67151
67159
67162
67180
67189
67192
67198
55155
67215
67224
67232
67238
67241
67252
67258
28117
67286
67296
67301
67303
67305
67316
67325
67327
67319
67336
67355
67361
67364
67382
67387
67395
67401
67404
67432
67437
67440
67443
67450
67463
67468
67483
67490
67492
67501
67502
67527
67529
67533
67536
67544
67550
67553
58984
59012
59028
59051
59055
59081
59084
59086
59105
59144
59096
59159
59230
57729
59298
59301
59315
59318
59335
59338
59357
59362
59403
59448
59482
24046
59522
59542
59580
59591
59594
59602
59613
59652
59656
59661
59690
21642
56303
56327
56329
56353
56355
56365
56470
56480
56547
56551
56593
56626
56637
56653
56681
56699
56729
56730
56742
56793
56858
56867
56895
56947
56984
56994
57020
57038
57090
57101
57120
57167
57170
57181
57207
57229
57237
57303
57306
57383
57453
57500
57520
57575
57616
57627
57655
57676
57709
57741
57752
57775
57800
57833
57904
57916
57958
54497
54575
54595
54609
54648
54677
54694
54699
54805
54842
54845
54858
54925
54985
55044
55078
55126
55144
55171
55179
55194
55209
55238
55253
55265
55268
55271
55287
54202
55308
55331
55357
55379
55393
55430
55458
55520
55592
55598
55613
55620
55643
55685
55696
55715
55733
55742
55759
55765
55819
55839
55873
55876
55905
55916
55919
55880
55967
56022
56029
56053
56065
56117
56124
56140
56205
52690
52714
52736
52760
52802
52862
52866
52877
52915
52921
52947
52958
53000
53045
53090
53271
53358
53369
53428
53563
53573
53595
53604
53684
53695
53711
53719
53831
53878
53903
53938
53975
54025
54040
54075
54103
54255
54267
54283
54305
54340
54350
54387
49050
49071
49115
49156
49230
49233
49281
49331
49398
49430
49451
49465
67433
67435
67438
67441
67453
67456
67459
67462
67465
67476
67478
67484
67499
67516
67524
67528
67539
67541
67546
67549
67551
67559
67563
67565
67568
67572
67590
67613
67626
67652
67662
67669
67677
67681
67690
67700
67710
67715
67736
67751
67757
67760
67768
67771
67777
67780
67788
67791
67794
67805
67811
67829
67837
67854
67867
67875
67890
67927
67947
67957
67971
67974
67981
67996
68023
68048
68065
68092
68115
68121
68124
68149
68155
68157
68159
68175
68185
68188
68193
68217
68219
68225
68228
68241
68243
68247
68250
68258
68263
68280
68282
68295
68297
68304
68312
68317
68324
68326
68328
68335
68340
68346
68362
68373
68379
68383
68393
68423
68431
68437
68448
68450
68452
68461
68465
68475
68479
68482
68493
68497
68500
64988
52523
64989
64994
65004
61863
65013
65019
65023
65027
65032
65044
65047
65057
65059
65063
65066
65074
65077
65080
65082
65086
65092
65098
65101
65108
65112
65107
65115
65120
65135
64861
65143
65149
65139
65154
65160
65162
65165
64887
65181
65183
65189
65196
65213
65217
65228
65233
65240
65243
65252
65254
65257
65262
65264
65271
65279
64095
65284
65290
65295
65297
65289
65302
65313
65314
65329
65331
65340
65345
65348
65351
65358
65367
65375
65378
65383
65385
65396
65398
65401
65411
65414
65422
65426
65430
65437
65450
65452
65464
65466
65473
65477
65481
65486
35900
35998
36004
36011
36099
36300
32601
32737
32746
32762
32818
32960
33014
33033
33113
33183
33207
33267
33348
33358
33397
33434
33454
33518
33818
33854
33984
24365
34007
34031
34074
34132
34142
34170
28811
28896
29111
29192
29208
29335
29340
27256
29461
29479
29505
29540
29614
29675
29731
29850
30019
30207
30220
30292
30318
30521
30598
30652
27011
27091
27559
27565
27631
27833
27872
28057
28083
28208
28359
28395
28408
22171
28458
28461
28482
28522
24998
25067
25378
25480
25537
25564
25594
25665
25710
25738
25772
25811
25868
25961
25965
26107
26116
26173
26226
26275
26303
26463
26513
26519
26563
26738
26797
26800
23259
23356
23470
23674
23686
23757
23766
23912
24107
24132
24172
24193
24283
24421
24694
24759
24860
24912
24918
24944
21290
21685
21808
21875
22027
22195
22250
22307
22343
22375
22387
22468
22481
22560
22563
22618
22739
23069
19386
19424
19550
19714
19720
19780
19797
19826
19966
20006
20066
20100
20131
20140
20171
20181
20322
20413
20431
20505
20669
20817
20936
21017
21039
21098
21223
17507
17558
17568
17643
17714
17736
17791
17811
17819
18204
18377
18595
18646
18814
18844
18871
17902
18930
18964
18982
19022
19140
19181
19253
19304
15733
15869
15912
15971
16067
16094
16151
16194
16294
16465
16686
16787
16899
16920
17371
17443
17469
13936
13972
14016
14221
14306
65494
65497
65470
65510
65519
65527
65532
65541
65546
65560
65567
65568
65591
65597
64229
65604
65610
65631
65634
65639
65648
65653
65664
65669
65677
65680
65684
67556
67564
67566
67571
67574
61653
67586
67589
67605
67608
67629
67631
67637
67640
67648
67654
67668
67678
67692
67701
67704
67711
67717
67731
50032
67743
67756
65696
65705
65712
65716
65723
65734
65741
65765
65772
65776
65780
65783
65789
60471
64825
65795
65805
65809
65812
65814
65817
65822
65829
65832
65834
65869
65885
67759
67762
67776
67779
67784
67793
67800
67816
67822
67831
67828
67840
67850
67869
67889
67900
67904
67912
67914
67918
67924
67941
67965
67980
67985
68028
68036
65888
65898
65909
65924
65927
65918
65937
65941
65943
65945
65954
65957
65959
65965
65970
65978
65983
65986
65996
66005
63902
66011
66025
66027
66030
66044
66049
68088
68094
68102
68120
68123
66378
68143
68154
68156
68187
68192
68194
68238
68256
68264
68268
68269
68272
68275
68278
68281
68292
68299
68303
68314
68322
68329
66053
66067
66069
66076
66087
66093
66106
66114
66123
66129
66162
66173
66181
66183
66191
66197
66200
66202
66207
66216
66218
66219
66228
66222
66254
66263
66271
68331
68336
68351
68374
68378
68035
68390
68412
68417
68425
68434
68436
68444
68460
68467
68480
68484
68490
68517
68519
68526
68528
68536
68543
68545
68549
68564
66273
66286
66289
66294
66298
66311
66315
66317
66327
66330
66332
66344
66351
66366
66364
66369
66377
66392
66401
66391
66403
66412
66415
66421
66424
66384
66436
68571
68583
68589
68605
68619
68626
68628
68631
68644
68673
68682
68691
68696
68699
68706
68709
68713
68715
68727
68730
68745
68751
68757
68761
68771
68773
68783
66438
66447
66450
66455
66460
66468
66471
66476
66484
66487
66386
66494
66500
66509
66517
66526
66529
66541
66544
66548
66551
66558
66561
66564
66571
66583
66584
68791
68797
68799
68810
68812
68818
68822
68832
68847
68858
68869
68880
68888
68890
68894
68902
68917
68936
68944
68947
68952
68959
68973
68986
68992
69027
69031
66585
66597
66615
66620
66623
66636
66644
66648
25883
66656
66660
66667
66674
66677
66680
66683
66692
66702
63175
63179
63185
33595
63191
63200
63209
37014
63218
69038
69044
69054
69058
69072
69107
69110
69121
69133
69136
69140
69145
69152
69164
69167
69171
69173
69188
69195
69219
69222
69223
69243
69246
69276
69282
69296
63225
63229
63231
63237
63246
63251
63255
63263
63273
63278
63282
63285
63289
63292
63306
63311
63315
63329
63333
63336
48132
63349
63352
63363
63369
63379
63381
69300
69323
69349
69369
69373
69388
65280
65283
65288
65300
65304
65315
65318
65320
65324
65334
65330
65347
65350
65354
65366
65371
65369
65376
65384
65387
65391
