37040
37061
37108
37201
37266
37325
37443
37490
37522
37639
37720
37894
33168
43760
43781
43783
43786
43793
43796
43810
43816
43823
43836
43851
43853
43863
43872
43893
32399
43913
43922
43933
43938
43955
43959
43967
43977
43983
43987
44017
42258
44054
44057
44067
44075
44089
44097
44107
44120
44141
44144
44154
44169
44171
44185
44192
44198
44205
44209
44216
44245
44261
44265
44279
44293
44297
44301
44304
44305
44310
44319
44326
44329
44335
44337
44344
44354
44357
44360
40807
44369
44380
44383
44395
44401
44402
44408
44412
44445
44471
44478
44484
44487
44520
44522
44534
44546
44549
44554
44561
44563
44568
44585
44591
44601
44605
44614
44619
44606
44651
44654
44657
44661
44660
44676
44678
44686
44693
44702
44714
44717
44733
44739
44603
44759
44761
44770
44776
44790
40133
44814
44815
44833
44843
44861
44860
44870
44871
44887
44895
44898
44908
44911
44916
44931
44971
44977
44991
44998
45034
45049
45065
41687
45100
45131
45204
41912
41940
41958
41965
41977
41978
41987
42005
42008
42031
42035
42049
42051
42055
42070
42073
38045
42103
42112
42128
42134
42144
42163
42165
42167
42168
42184
42187
42188
42190
42193
42204
42208
42211
42232
42247
42238
42253
42261
42267
42279
42288
42304
42310
42312
42314
42315
42332
42336
42343
42350
42357
42360
42374
42379
42382
42385
42388
42401
42413
43319
43320
43322
43344
43350
43353
43366
43379
43387
43394
43401
43410
43450
43453
43463
43474
43486
43489
43495
43509
43530
43538
43540
43550
43553
43557
43571
38842
39136
39143
39166
39180
39383
39385
39474
39616
39624
39849
39872
39895
39898
36471
36551
36746
36813
36996
37015
37112
37188
37507
37777
37789
37814
37913
43582
43585
43592
43597
43602
43605
43618
43625
43633
43636
43642
43643
43649
43655
43660
43667
43687
43690
43716
43721
43727
43732
43735
43755
43775
43785
43799
37928
37985
37992
34473
34558
34613
34637
34672
34755
35005
35044
35052
35078
35272
35338
35362
35365
35413
35451
35454
35466
35506
35515
35527
36053
36175
36192
43808
43815
43818
43822
43825
43831
43838
43841
43844
43859
43865
43875
43885
43891
43901
43912
43915
43919
43928
43930
43935
43944
43942
43965
43972
43979
43981
32666
32739
32748
33596
33671
33900
33974
34055
34169
33453
30522
30532
30782
31036
31252
31514
31804
31865
31965
32038
32076
32124
32210
32358
28708
28839
29027
44001
44019
44030
44012
44037
44045
44046
44053
44064
44080
44082
44096
44099
44102
44116
44119
44124
44139
44140
44143
44146
44152
44175
44186
44194
44196
44199
29638
29716
29873
29882
29906
29953
30376
26739
26764
26879
26927
27015
27041
27198
27491
27549
27607
27741
27871
27912
28104
28372
24931
25088
25124
25165
25214
44202
44208
44211
44229
44234
44248
44250
44256
39803
44269
44272
44289
44303
44309
44314
44322
41290
44341
44347
44350
44353
44363
44375
44382
44404
44418
44444
25268
25384
25527
25597
25620
25638
25652
25717
25869
26097
26636
22865
23002
23034
23204
23534
23567
23959
21309
21418
21519
21629
21947
21961
22190
22227
22461
44474
44483
44486
44488
44500
44505
44509
44514
44521
44524
44533
44540
44545
44559
44565
44572
44574
44575
34309
42962
44588
44599
44611
44613
43941
44622
44625
22559
22643
22656
22692
22735
22800
19129
20405
20426
20778
20910
17284
17325
17464
17538
17572
17619
17848
18421
18613
18916
15543
15645
15664
15870
16089
16099
44641
41072
41125
41185
41189
41191
41303
41317
41352
41435
41451
41476
41529
41532
41539
41567
41578
41588
41591
41603
41606
41626
41637
41643
41646
41649
41661
16209
16247
16618
16842
17013
17204
13866
14062
14088
14590
14855
14973
15078
15261
12239
12257
12313
12410
12499
12508
12527
12567
12720
13008
13345
43403
43411
41667
41670
41674
41682
41686
41696
41741
41748
41769
41794
41802
41815
41817
41820
41828
41845
41852
41860
38310
41875
41879
41881
41886
41905
41910
41917
41929
43417
43431
43434
43441
43478
43488
43499
43505
43528
43541
43543
43549
43564
43572
43589
43591
43629
43638
43641
43647
43650
43652
43680
43682
43697
43699
43703
41505
41515
40109
41523
38663
41538
41545
41548
41562
41565
41576
38044
38289
38311
38328
38346
38360
38371
38391
38447
38585
38608
38699
38735
38862
39005
39018
41658
41662
41677
41688
41692
41702
41706
41729
41743
41749
41767
41770
41787
41790
41798
41808
41810
41813
41818
41827
41839
41846
41849
41867
41870
41896
41902
39043
39059
39142
39157
39234
39417
39418
39489
39560
39656
39661
39691
39721
36161
36291
36314
36337
36407
36476
36539
36587
36627
36630
35723
36886
37282
37454
38163
38215
38364
38393
38549
38763
38966
38977
39098
39212
39221
39299
39401
39444
39450
39451
39504
39802
39817
39847
39853
26699
40012
31127
31316
31747
31751
37496
37531
37883
37965
34379
34392
34477
34786
34834
34852
34867
35259
35328
35389
35487
35579
35767
35796
35946
36017
32463
32494
32724
32982
33202
33333
33792
31769
31782
31810
31846
31886
32296
32382
34585
34633
34705
35051
35114
35116
35129
35242
35604
35808
33509
36143
36152
36174
32843
32885
33061
33126
33198
33225
34147
30842
31019
31064
31194
31305
31458
31626
31719
31732
31823
31932
31946
32051
32245
32264
28882
28930
29014
29226
29306
29444
29615
29622
30151
30247
30421
33377
33967
34013
34042
34352
34462
28848
28856
28884
28935
29013
29044
29230
29243
29259
29384
29487
29693
30230
30307
30320
30354
30364
30595
26880
27175
27296
30436
30445
27126
27206
27344
27479
27766
27974
28010
28115
28127
28128
28261
28488
28735
25525
25940
26041
26377
26405
26457
26619
26643
22209
26836
26872
23114
27332
27496
27997
28142
28192
28507
28535
28701
28741
25019
25207
25215
25258
25334
25346
25415
25818
25833
25863
26317
26358
26675
26819
26838
23276
23343
23359
23185
23218
23317
23920
24153
24556
24704
24829
21201
21268
21387
21634
21863
21892
22033
22194
22349
22430
22457
22527
22796
19809
19921
19971
19989
20009
20064
23408
23444
23798
24004
24076
24399
24407
24465
24578
21275
21349
21422
21465
21554
21559
21862
21965
22282
22523
22733
22874
23080
19493
19628
19814
19883
20097
20344
20603
20938
21121
17803
17835
17934
18054
18186
18278
18654
18815
18909
16772
19044
19306
19313
15878
15907
16090
16120
16211
16266
16578
13991
14052
14093
20198
20227
20229
20441
20616
20640
20689
20703
21244
17718
17733
17740
18071
18235
18591
18608
18660
18791
18976
19047
19172
19211
19247
15674
15700
15930
16220
14427
14612
14854
14920
14998
15395
15510
15545
15562
15629
12376
12389
12743
12757
13081
13698
13723
36394
36422
36437
36506
36570
36687
36752
36795
36843
36888
16441
16523
16636
16735
16819
16989
17227
13906
13970
14043
14239
14676
14757
14885
14945
14956
15045
15116
15276
15323
15341
15587
15595
12154
13234
13568
13662
41931
41943
41946
41954
41955
41957
41961
41976
41981
41990
41993
41995
41998
41963
42007
42029
42032
42041
42054
42052
42056
42063
42075
42077
42080
42089
42093
42107
42109
42123
42135
42143
42141
42147
42148
42157
42174
42186
42189
42197
42231
42243
42248
42252
42282
42285
42289
42292
42300
42301
42303
42311
42316
42325
42328
42331
42335
42339
42347
42359
42384
42392
42415
42427
42433
42437
42440
42443
42445
42453
42458
42470
42473
42485
42488
42489
42498
42499
42505
42508
42522
42536
42547
42556
42558
42559
42564
42575
42576
42579
42585
42593
42618
42614
42630
42637
42645
42651
42656
42664
42666
42672
42674
42690
42673
42714
42724
42727
42729
42742
42751
42756
42769
42781
42790
42792
42801
42815
42820
42825
42837
42856
42864
42880
42884
42887
42892
42896
39285
39467
39598
35700
39753
39759
39801
39839
39897
39937
40076
40111
40167
40203
40317
40351
40419
40446
40507
40510
40572
40597
40611
40628
40716
40774
40819
40859
40876
40888
40894
40927
41011
41014
37558
37638
37745
37998
38057
38124
38357
38418
38501
38625
38646
38793
38809
38948
38960
38964
38992
38997
39022
39064
39082
39151
35648
35718
35757
35773
35884
35901
35953
35968
35976
35983
36052
36241
36292
36401
36556
36598
36642
36711
36781
35715
36958
36979
36982
37055
37206
37224
37303
37406
37418
37506
33947
33950
33972
34123
34306
34338
34386
34526
34576
34692
34815
35037
35135
35281
35369
35464
35493
33306
32049
32087
32437
32505
32508
32768
32812
32880
32884
33000
33003
33032
33154
33182
33252
33542
30036
30136
30266
30294
30577
30775
30776
31039
31155
31190
31318
31362
31388
31467
31475
31758
31790
31827
28438
28657
28871
28946
29717
29803
29805
26348
22352
26506
26608
26912
26985
27006
27341
27396
27459
27593
27733
27822
27858
27984
28002
28005
28030
28105
24476
24672
24790
24788
24978
25336
25598
25629
25691
25744
25785
25849
25950
26112
26315
22664
22783
22946
22949
22974
22997
23049
23694
23921
24036
24045
24154
24183
24187
24362
20856
21057
21088
21580
21874
22225
22393
19010
19279
19472
19515
19702
20071
20234
20574
20601
20614
17262
17533
17941
18602
18691
15156
15256
15447
15528
15646
15654
15676
16069
16265
16447
16554
16695
16949
13633
13717
13734
13737
13802
13879
14027
15093
12265
12329
12544
12725
12901
13222
13265
43593
43595
43606
43612
43622
43626
43628
43631
43637
43644
43648
43659
43663
43671
43678
43674
43681
43683
43688
43689
43704
43712
43722
43731
43739
43749
43757
43758
43761
43765
43780
43788
43790
43791
43802
43820
43824
43826
43829
43837
43854
43858
43888
43899
43904
43910
43918
43921
43932
43964
43976
25486
43992
44015
44011
44021
44024
44033
44034
44043
44049
44052
44061
44079
44092
44098
44103
44106
44123
44126
44136
44142
44149
44158
44157
44163
44166
44178
44189
44191
44197
44200
44210
44213
44217
44228
44238
44262
44268
43504
44283
44291
44295
44307
44318
44323
44324
44328
44330
44339
44343
44346
44356
44384
44403
44422
44440
44449
44453
44459
44464
44468
44479
44512
44557
44560
44569
44571
44586
44590
44596
44598
44612
44618
44630
44646
44675
44677
44688
44683
44703
44705
44710
44731
44749
44751
44764
44765
44769
44780
44786
44796
44798
44803
44805
44813
44816
44823
44831
44840
44852
44849
44857
44872
44883
44885
44896
44903
44901
44922
44935
44938
44941
44944
44957
44960
44964
44967
44970
44980
44984
44987
44990
44994
45006
45010
45032
45036
45053
45079
45094
45096
45098
45111
45114
45118
45134
45143
45151
45154
41774
41777
41786
41796
41801
41807
41809
41816
41819
41825
41826
41840
41862
41866
41878
41880
41885
41895
41907
41911
41913
41916
41919
41924
41942
41950
41956
41964
41975
41989
41994
41997
42000
42010
42026
42040
42042
42045
42058
42061
42083
42104
42122
42130
42139
42154
42158
42161
42169
34715
42173
42181
42201
31625
42209
42212
42217
42224
42233
42240
42251
42254
42257
42262
42276
42278
42287
42294
42296
42298
42306
42318
42330
42334
42338
42341
42373
42376
42394
42397
42403
40865
42410
42411
42412
42423
43706
43708
43720
43724
43734
43740
43743
43751
43762
43769
43778
43806
43821
43835
43849
43862
43878
43882
43884
31148
43896
43903
43909
43911
43914
43923
43936
42416
42419
42422
42439
20712
42451
42454
42469
42471
42474
42478
28205
42486
42509
42512
42518
42521
42530
42543
42553
42555
40766
42586
42587
42596
42606
42609
43952
43968
43975
43985
43991
43993
44009
44013
44023
44016
44027
44032
44036
33534
44048
44059
44066
44069
44084
44090
44095
44100
44113
44122
44127
44135
44147
42627
42629
42641
42662
42665
42667
42670
42696
42699
42705
42709
42712
42719
33353
42740
42749
42752
42757
42777
42784
42785
42787
42798
42808
42810
42844
42847
44150
44153
44162
44133
44172
44174
44176
44184
44187
44195
44218
44220
44223
44232
44257
44263
44275
44277
44280
44286
44321
44331
44345
44352
44355
44358
44366
42849
42857
42862
42875
42878
42890
42893
42905
42934
42947
42950
42965
42970
42976
42979
42990
42991
42996
43000
43003
43012
43015
43024
43035
43037
43054
43057
44377
44364
44398
44410
44414
44426
44441
44467
44481
44501
44528
44539
44542
44544
44567
44573
44578
44592
44593
44624
44632
44640
44658
44665
44680
44694
44700
43063
43066
43081
43097
43100
43108
43111
43122
43124
43107
43149
43160
43175
43181
43185
43191
43206
43201
43221
43229
43241
43243
43245
43254
43267
43273
43280
44708
44715
44720
44737
44744
44750
44757
44768
44774
44784
44791
44792
44800
44802
44804
44806
44808
44822
44824
44826
44828
44842
44856
44867
44881
44882
44886
43284
43302
43309
43314
43315
43329
43331
43339
43342
43347
43362
43364
43385
43388
43405
43416
43428
43438
43446
43449
43456
37321
43487
43493
43507
43510
43513
44909
44924
44925
44929
44932
44943
44950
44966
44969
44975
44978
44986
44992
44999
45011
45020
45029
45033
45040
45052
45055
45066
45099
45115
45123
45126
45139
43522
43551
43560
43563
43569
43577
43586
43600
43603
43619
43630
43640
43658
43665
43666
43675
43677
43686
43694
43698
43705
43707
43710
43719
43723
43733
43736
41597
41600
41620
41647
41671
41681
41697
41703
41707
41715
41718
41721
41724
41730
41742
41747
41758
41765
41773
41779
41788
41803
41814
41821
41824
41830
41837
43742
40078
40263
40286
40360
40376
40493
34190
40537
40623
40692
40724
40725
40727
40730
40746
40752
40781
40789
40838
40863
40910
40986
41026
41052
41055
41092
41872
41877
41891
41894
41898
41918
41921
41926
41953
41960
41967
41968
41979
41984
41986
41988
41999
42012
42016
42024
42025
42036
42046
42048
42053
42064
42071
41097
39679
41109
41157
41215
41273
41339
41402
41424
41461
41155
41504
41507
41481
41530
41541
41547
41561
41581
41584
41592
41604
41607
41615
41624
41638
41642
42434
42448
42461
42463
42476
42479
42490
42491
42494
42497
42500
42501
42502
42523
42532
42540
42546
42560
42562
42565
42568
42578
42588
42597
42601
42603
42611
42617
42632
42634
42640
42650
42652
42654
42682
42687
42689
42692
42695
42704
42710
42717
42731
42737
42753
42759
42768
42778
42789
42794
42797
42802
42804
42806
42812
42821
42824
42834
42851
42853
42861
42866
42873
42883
42886
42894
42898
42917
42919
42940
42943
42951
42954
42961
42966
42984
42989
43001
43004
43008
43025
43028
43040
43044
43050
43055
43064
43067
43070
43087
43090
43093
43096
43099
43112
43118
43121
43147
41428
43152
43162
43167
43184
43192
43196
43213
43214
43230
43237
43253
43262
43263
43269
43278
43286
43290
43292
43308
43310
43323
43326
43352
43355
43357
42960
43409
43412
43415
43445
43470
43476
43483
43494
43497
43526
43534
43537
38655
24683
43544
43556
43502
43562
43574
43587
39926
40053
40160
40260
40294
40369
40392
40397
40480
40512
40533
40636
40658
40660
40667
40822
40896
40917
40924
40991
33427
41036
41156
41162
41168
41178
41187
41285
41313
41336
41347
41350
41353
41367
41469
41482
41497
41551
41573
41596
41598
41608
41611
41632
41641
41645
41648
41651
41653
41657
41665
41669
41691
41695
41711
41722
41740
41753
41760
38055
38140
38269
38389
38408
38450
38530
38616
38794
38799
38810
38831
42074
42082
33449
42106
42110
42115
42120
42127
42133
42137
42138
42142
42171
42175
42177
42185
42191
42223
42226
42229
42235
42246
42249
42256
42260
42280
42284
42293
42297
42299
42305
42308
42313
42319
42321
42323
42333
21260
39313
42358
42375
42378
42383
42417
42435
42438
42450
42452
42455
42462
42465
42472
42487
42493
42503
42515
42527
42528
42531
42541
42554
42557
42563
42567
42570
42574
42584
41154
42592
42594
42598
42605
42616
42604
42631
42639
42649
42657
42668
42677
42681
42683
42688
42691
42697
42700
42715
42721
42722
42728
42736
42744
42750
42758
42775
42780
42793
42807
42811
42819
42828
42835
42845
42848
42854
42865
42869
42872
42879
32291
42891
42895
42902
42909
42922
42928
42935
42939
42942
42945
42948
42959
42964
42967
42971
42975
42993
42997
43006
43011
43017
43020
43034
43038
43045
43049
43056
43058
43061
43075
43095
43098
43102
43109
43117
43123
43136
43151
33961
43158
43165
43169
43178
43195
43202
43236
43242
43244
43252
43256
43266
43268
43271
43277
43281
43321
43316
43327
43332
43336
43343
43345
43356
43359
43369
43373
43382
39815
39840
39881
39899
39930
39939
39983
40057
40193
40304
40352
40364
40380
40394
40435
40546
40600
40642
40647
40685
40688
40747
40756
40799
40918
40934
40937
41028
41040
41047
41102
41107
41110
41177
41280
41314
41358
41429
41487
44656
44655
44669
44671
44682
44685
44690
44698
44701
44707
44711
44721
44725
44728
44738
44748
36823
44767
44787
44795
44799
44807
44809
44810
44817
44819
44829
44851
44858
44869
44876
44889
44894
44897
44900
44904
44936
44939
44952
44955
44958
44961
44965
44968
44976
44979
45004
45017
45021
45025
45030
45039
45064
45067
45073
45075
45083
45093
45130
44005
45149
45152
42899
42901
42915
42921
42924
42933
42936
42938
42946
42949
42958
42972
42974
42981
42986
42995
42998
43002
43005
43018
43021
43023
43036
43039
43043
43046
43048
43052
43059
43068
43079
43083
43088
43094
43103
43116
43128
43135
43145
43148
43163
43157
43174
43177
43179
43190
43193
43207
43210
39627
43216
43225
43194
43232
43233
43235
43249
43259
43261
43264
43265
43283
43285
43287
43295
43304
41618
