54596
54606
54612
54615
54623
54626
54632
54637
54643
54647
54565
54660
54673
54676
54678
54681
54688
28961
54695
54698
54706
54707
54720
54733
54736
54741
54754
36694
36819
36862
36869
36917
36932
36955
36976
37047
37071
37094
37097
37107
37155
37211
37226
37248
37262
37286
37289
37351
37436
37448
37498
33835
33839
33842
43288
43313
43337
43338
43341
43365
43368
43377
43396
43406
43447
43452
43479
43514
43531
43576
39934
39940
40002
40037
40044
40119
40129
40134
40139
40147
40153
54756
54759
54761
54769
54772
54776
54778
54781
54790
54799
54803
54806
54817
54823
54826
54835
54836
54844
54847
54853
54856
54860
54859
54873
54876
54882
54885
27048
33871
33904
33907
33919
33975
33978
34020
34049
34101
34119
34171
34192
34204
34273
34327
34331
34438
34619
34636
34711
34744
34771
34785
34826
34877
34934
40176
40215
40305
40318
40350
40399
40402
40409
40424
40449
40514
40559
40589
40592
40598
40649
40754
40836
40987
41021
41024
41114
41129
41268
41275
41289
41333
54897
54903
54906
54909
54916
54920
54922
54926
39863
54934
54937
54940
54941
54950
54959
54966
54975
54979
54983
52314
54996
55001
55003
55013
55017
55023
55031
34951
35032
35046
35048
35060
35098
35152
25659
35266
35321
35376
35441
35449
35470
35510
35563
35580
31849
31875
31883
31900
31924
31942
32032
32102
32125
32129
41393
41405
41425
41513
41521
41701
41737
38090
38130
38235
38246
38262
38282
38354
38402
38502
38590
38691
38755
38757
38769
38777
38852
38934
38950
38965
38983
55035
55038
55045
55047
55054
55057
55060
55066
55073
55076
55085
55091
55094
55100
55114
55117
55012
55125
55139
55142
55154
55158
55161
55180
55183
55186
55188
32154
32177
32186
32187
32194
32206
32223
32253
32256
32261
32280
32367
32387
32394
32407
32425
32502
32521
32542
32555
32608
25061
32665
32680
32749
32922
32931
38991
39003
39011
39015
39051
39055
39056
39122
39183
39213
39245
39243
39268
39279
39351
39360
39465
39480
39527
39533
39539
39567
39575
39631
39660
39706
39771
55200
55202
55204
55207
55211
55221
55224
55230
55234
55249
55223
51740
51743
51750
51753
51760
51765
51780
51781
51789
51792
51799
51804
51806
51809
51812
51820
32990
32995
33004
33074
33104
33106
33145
33186
33211
33214
33260
33370
33491
33506
33547
33567
33639
33660
33674
33677
33688
33694
33730
33742
33752
30024
30032
39796
36286
36326
36347
36362
36448
36473
36496
36510
36518
36558
36600
36626
36628
36658
36761
36765
36934
36959
37044
37060
37082
37118
37139
37158
37185
37208
51822
51827
51829
51831
51834
51842
51845
51855
51864
51862
51870
51879
51880
51884
51887
51890
51901
51904
51909
51913
51926
51927
51930
51938
51944
51948
51954
30035
30064
30155
30090
30209
30244
30254
30258
30310
30327
30339
30380
30425
30455
30483
30500
30574
30597
30603
30635
30647
30661
30667
30919
30965
31087
31110
37243
37291
37350
37356
37362
37370
37383
37411
37417
37431
37455
37468
37471
37494
37549
37579
37596
37605
37689
37715
37733
37750
37813
37959
37969
37972
37990
51962
51965
51984
51985
51986
51999
52005
52009
52012
52019
52022
52025
52028
52034
52042
52045
52049
52054
52060
52065
52070
52072
52077
52080
52091
52094
52098
31153
31171
31223
31282
31328
31439
31442
31455
31497
31561
31564
31566
31653
31661
31680
26981
31709
31771
31817
28177
28219
28312
28336
28396
28446
28448
28503
38009
34424
34451
34474
34499
34534
34694
34865
34919
25229
35003
35027
35035
35145
35206
30798
35429
35436
35457
35543
35562
35588
35670
35824
35856
35869
35938
52101
52105
52115
52118
52121
52124
52139
52142
52145
52159
52162
52175
52178
52190
52201
52204
52208
52217
52220
52227
52243
52245
52249
52252
52261
52264
52267
28509
28547
28564
28571
28615
28646
28669
28699
28723
28790
28834
28858
28917
28957
28976
28985
28997
29024
29031
17213
29089
29245
29299
29301
29326
29393
29482
35950
35962
35975
36002
35703
36028
36048
36092
36159
36199
32491
32507
32520
32533
32575
32617
32636
32720
32842
32865
32868
32933
32954
32971
32998
32992
33062
57727
57737
57751
57760
57763
57768
57774
57779
57796
57801
57765
57814
57819
57835
57837
57840
57847
57849
57851
57862
57866
57868
57879
57883
57885
54242
54244
50547
50556
50560
50566
50569
50570
50579
50581
50594
50604
50608
47051
47056
47062
47069
47071
47073
47086
47088
47095
47102
47104
47110
47117
47123
47126
47137
52614
52619
52622
52631
52634
52637
52643
52645
52648
52649
52659
52663
52665
52667
52678
52683
52693
52685
33112
52704
52707
52713
52716
52727
52735
52742
52744
54246
54259
54265
54274
54280
54286
54290
54292
54295
54270
54304
54308
54317
54330
54332
54319
54345
54348
54352
54353
54366
54369
54395
54398
54409
54412
54414
47143
47144
47150
47159
47162
47165
47172
47180
47184
47188
47195
47198
47201
47204
47208
47217
47221
47227
47230
47241
47244
47246
47249
47258
47261
47264
47267
52756
52765
52766
52767
52769
52773
52776
52778
52782
52785
52791
52795
52797
52804
52808
52817
52828
52838
52338
52846
52858
52861
52869
52872
52842
52879
52885
54418
54430
54432
54435
54437
54329
54447
54451
54454
54455
54448
54467
54474
54477
54481
54493
54496
54499
54502
32609
54516
54519
54525
54527
54515
54536
54539
47283
47287
47296
47300
47303
47306
47324
47327
47335
47338
47341
47344
47347
47356
47358
47361
47364
47367
47377
47380
47383
47399
47403
47406
47415
47418
47419
52889
52891
52894
49147
49150
49160
49165
49167
49169
49172
49198
49206
49209
49221
49223
49226
49229
49232
49235
49244
49242
49254
49262
49265
49275
49282
49288
54546
45377
54560
46065
54574
54579
54590
54594
54597
54602
54604
54613
54616
54618
54622
54625
54634
54640
54646
54649
54651
54665
54667
54670
54672
54679
28920
47422
47426
47434
47437
47443
47448
47455
47461
47462
47467
47484
47487
47496
47499
47503
30082
47511
47519
47522
47527
47538
47540
47544
47546
47560
47567
47570
49304
37716
49309
49316
49326
49328
36430
49335
49338
49341
49347
49355
49364
49378
49384
49386
49396
49402
49420
49423
49429
49446
49452
49455
49458
49464
49476
54684
54690
54696
54700
54702
54705
54717
54721
54730
54739
54742
54750
54752
54760
14425
54765
54768
54771
54779
54782
54789
54792
54800
54807
54810
54813
54816
47573
47581
47585
47587
47590
47601
47604
47609
47615
47624
47627
47629
47632
47649
47653
47654
47657
47668
47671
47674
47685
47688
47692
47695
47698
47708
47710
49479
49485
49488
49496
49504
49512
49516
49520
49526
49534
49535
49544
49548
49554
49556
49561
49569
49575
49579
49582
49584
49593
49596
49614
49616
49627
49629
54824
54830
54834
54837
54843
54855
54872
54886
54889
54896
54898
54907
32001
54911
54915
54918
54917
51137
54932
54944
54949
54952
54962
54964
54971
54973
54986
47714
47719
47721
47730
47733
47739
47750
47753
47756
47760
47763
47770
47778
47781
47789
47792
47794
47803
47812
47815
47818
47824
47833
47835
47838
47841
47844
49635
49638
34515
49663
49669
49672
49687
49691
49701
49708
49712
49715
46076
49730
49731
49739
49743
49748
49750
49757
49761
49764
49771
49773
49769
49782
49785
54990
54993
54998
54999
55008
55015
55030
55034
55037
55048
55051
55053
55056
55064
26955
55069
55071
55075
55083
55086
55088
54106
55110
55113
55116
55123
55127
47853
47856
47859
47872
47875
47882
13778
47892
47895
47898
47913
47915
47926
47929
47933
47946
47954
47962
47969
47972
47975
47978
47985
47992
48000
48003
48010
49790
49799
49812
49816
49819
49832
49859
49861
49866
49870
49873
49881
49885
49898
49914
49917
49920
49923
49947
49949
49950
49960
49963
49974
49926
49978
49982
55129
55132
55136
55143
55146
55156
55170
55173
55176
55184
55187
55192
55195
55212
55218
55220
55233
55235
55237
55243
55252
55251
55254
55259
55261
55278
55281
48012
48024
48027
48030
48032
48035
48044
47423
48052
48055
48062
48068
48071
48085
48090
48092
48095
48106
48108
46399
48125
48131
48135
48138
48146
48149
48153
49985
49983
50010
50013
50023
50026
50036
50038
50039
49354
50047
50056
50060
50062
50065
50075
50090
50095
50109
50116
50120
50127
50133
50134
50136
50149
50151
51097
51107
51112
51114
51121
51125
51129
51133
51132
51136
51138
51139
51158
51169
51172
51175
51194
51209
51212
51214
51224
51223
51229
51231
51234
51244
51247
52892
52897
52912
52918
52953
52955
52967
52970
52972
52973
52981
52995
25837
53003
53012
32406
53018
53027
53034
53040
53043
53049
53059
53063
53065
53067
53075
51249
51252
51257
51264
51269
51272
51275
51286
51109
51302
51305
51308
51310
51313
51317
51326
51330
51343
51345
51347
51350
51358
51361
51364
51366
51370
51378
53078
53081
53087
53097
53096
53102
53104
53106
53112
53115
53118
53128
53139
53144
53154
53156
53158
53160
53163
53165
53172
53175
31705
53181
53184
53197
53193
51381
51384
51391
51393
51405
51409
51413
51414
50497
51425
51430
51433
51441
51444
51445
51451
51453
51464
51467
51471
51476
51486
51489
51492
51495
51503
51508
53198
53203
53211
53213
53216
53189
53224
53228
53227
53234
37771
53253
53255
53257
53263
53274
53277
53281
53291
53293
53296
53309
53318
53325
53328
53331
53334
51511
48317
51521
51527
51531
51530
51535
51540
51551
51555
51556
51567
51569
21232
51578
51584
51312
51590
51593
51596
51604
51607
51610
51614
51617
51082
51628
53338
53351
53355
53368
53373
53376
53386
53390
53391
53403
53407
53410
53412
53422
53426
53431
53434
53442
53455
53457
53461
53464
50201
53480
53483
53486
53497
51630
51633
51637
51646
51649
51654
51667
51670
51671
51685
51688
51694
51703
31599
51710
51718
51722
51727
48191
48199
48208
48211
48219
48222
48225
48228
48232
52336
53502
53511
53517
53527
53531
53533
53538
53557
53560
53578
53580
53588
53590
53602
53607
53613
53615
53623
53626
53628
53634
53641
53647
53650
53653
53657
48237
48246
48249
48253
48255
48263
48265
48269
48272
48275
48284
48287
48290
48292
48304
48308
48315
48320
48331
48342
48351
48354
48361
48365
48371
48377
48381
53661
53667
53670
53680
53688
53692
53699
53712
53716
53726
53734
53745
53744
53746
53749
53752
53760
53764
53767
53775
53780
53783
53788
53799
53804
53807
53813
48391
48394
48397
48400
48426
48434
48437
48416
48445
48450
48457
48459
48464
48466
48473
48479
48482
48486
48498
48501
48504
48508
48510
48520
48523
48525
48530
53815
53818
31519
53826
53829
53833
53827
53844
53850
53864
53865
53875
53881
53885
53888
53890
53896
53905
53909
53910
53919
53925
53920
53935
53942
53943
53957
48537
48541
48550
48558
48564
48570
48573
48581
48582
48588
48593
27455
48614
48621
48624
48630
48633
48644
48648
48654
48657
48667
48670
48673
48676
48681
48682
53963
53982
53983
53989
53993
53997
54000
54007
54010
54015
54028
54036
54039
54045
54048
54058
54061
54064
54066
53951
54085
54096
54100
54107
54113
25380
54118
50158
50159
50165
50172
50176
50180
50195
50202
50207
50210
50214
50238
50243
50248
50256
50263
50267
50276
50278
50287
50291
50294
50299
50311
50316
50335
50342
50349
50351
50312
50361
50369
37705
50382
50384
50385
50388
49723
50394
50396
50398
50413
50416
50423
50430
50405
50434
50439
50447
50449
50454
50458
50462
50465
50468
50471
50481
50486
50498
50504
50506
50518
50525
50532
50536
50546
50550
36276
50558
50564
50584
50585
50591
50589
50596
50603
50606
50607
50617
50619
50621
50630
50632
50635
50638
50649
50650
21197
50666
50674
50676
50680
50682
50685
50692
50696
50703
50706
50709
50712
39506
50722
50736
33250
50747
50759
50762
50764
50768
50788
50790
50799
50807
50815
50817
50824
50829
50831
50839
50846
50850
50857
50860
50863
50882
50883
50891
50895
50903
50907
50910
50115
50924
50930
50932
50942
50948
50958
50965
50966
50982
50985
50988
50996
51002
51009
51005
51015
51017
51021
51026
51027
51037
51041
47340
47343
47346
47352
47360
47363
47366
47369
47371
47375
47382
47385
47386
47389
47392
47400
47405
30850
47421
47425
47428
47431
47446
47450
47452
47465
47469
47481
47488
47498
37950
47505
47506
47510
47513
47524
47526
47529
47532
47535
47543
47547
47549
47566
47569
47572
47575
47578
47586
47589
47592
47595
47598
47608
47611
47613
47628
47631
47634
47637
47640
47643
13924
36390
36399
36483
36509
36565
36588
36610
36613
36619
36679
36740
36790
36792
36803
36825
36827
36840
36857
36946
36971
37130
37173
37192
37195
37216
37225
37290
37338
37341
37376
37393
37402
37459
37464
37564
37604
37633
37635
37642
37647
37652
37700
37703
24030
37766
37782
37804
37809
37821
37877
37924
37942
37982
38027
38068
38077
59935
59945
59950
59947
59955
59952
59966
59972
59974
59993
59987
59997
60008
60014
60017
59962
60030
60038
60033
60057
60070
60072
60077
60080
60090
60095
36402
60100
60110
60117
60124
60131
60134
60137
60173
60176
60184
48594
60195
60197
60200
60204
60209
60216
60223
60229
60235
60241
60247
60255
60266
60267
60273
60279
60283
60286
60289
60292
60300
60306
60319
60323
60325
60343
60345
60354
60358
60364
60371
60376
60374
60386
45820
60391
60402
60406
60409
60419
60426
60429
60421
60449
60455
60462
60472
60475
60478
60488
60489
60493
60495
60509
60512
60515
60516
58364
60535
60536
60555
60552
60569
60576
60563
60595
60603
60606
60614
60620
60622
60624
60635
60638
60641
60648
60655
60665
60677
60680
60689
60693
60698
60701
60704
60720
60742
60747
60749
60757
60769
60768
60782
60783
60802
60808
60821
60846
60900
60911
60915
60921
60925
60931
60950
60956
60965
60989
61002
61021
61030
61034
61065
61067
61072
61090
61108
61130
61146
61153
61156
48687
48689
48696
48699
48705
48711
48719
48722
48729
48742
48740
48746
48751
48759
48762
48765
48768
48772
48779
48782
48785
48792
48794
48800
48803
48807
48811
54122
54124
54126
54130
54133
54139
54141
54160
54162
54167
54175
54177
54181
54187
54201
54204
54209
54215
54217
54220
54222
54225
54232
54237
54238
54240
54243
48160
48167
48173
48175
48180
48182
48192
48195
48198
48201
48209
26276
48213
48218
48221
48236
35299
48256
48260
48264
48276
48279
48283
48286
48297
48300
48303
30068
30103
30109
30184
30203
30237
30265
30309
30325
30439
30475
30572
30588
30592
30614
30675
30699
26877
26983
27007
27171
27191
27254
27264
27270
27276
27278
48822
48829
48837
48840
48842
48845
48856
48859
48868
48876
48878
48881
48884
48895
48898
48902
48905
48907
48915
48918
48921
48927
48930
48937
48949
48958
48962
54248
54257
54260
54271
54272
54278
54289
54291
54293
54300
54302
54309
54306
54324
54327
54325
54343
54346
54364
54370
54377
54382
54385
54390
50797
50804
50806
48306
48321
48327
48313
48332
48343
48346
48350
48362
48364
48367
48380
48387
48390
48392
48401
39256
48405
36523
48410
48427
48429
48436
48443
48446
48449
48453
27353
27481
27505
27512
27606
27676
27732
27751
27756
27773
27783
27797
27810
27843
27865
27892
27973
27998
28026
28044
28111
28116
28165
28197
28220
28252
28266
48964
48966
48969
48980
48983
48986
48990
49004
49007
49010
49020
49022
49024
49027
49031
49040
49042
49045
49048
49051
49059
49062
49065
49070
49082
49092
49104
50810
50814
50821
50823
50825
50830
50838
50847
50851
50854
50856
45892
50885
50887
50893
50894
50901
50909
50915
50916
50926
50935
50940
50943
50944
50951
50953
48456
48469
48472
48484
48481
48493
48500
48509
48511
48514
48528
48536
48539
48548
48554
48557
48561
48577
48584
48590
48598
48600
48603
48611
48612
48618
48620
28270
28296
28313
28378
28437
28499
28560
28563
28618
28640
28655
28704
28727
28772
28799
24963
25084
25401
25432
25464
25505
25579
25628
25689
25704
25716
25796
49107
49110
49113
49121
49124
49128
49134
49144
49146
49149
49152
49153
49157
49164
49171
49177
49194
49196
49211
49214
49217
49225
49234
49247
49253
49259
49267
50955
50957
50969
50971
50973
50983
50994
51000
51006
51008
51019
51023
51025
51033
51042
51048
51056
51058
51078
51081
51096
51101
51110
51113
51116
51118
51128
48631
48640
48655
48658
48679
48680
48683
48686
48692
48695
48698
48709
48712
48715
48718
48721
48734
48737
48741
48744
20150
48752
48754
48758
48771
48775
48777
25840
25878
25890
25946
25948
25986
25989
26009
26110
26117
26154
26272
26296
26340
26373
26437
26444
26449
26456
26471
26498
26510
26556
26578
26627
26662
26741
49270
49273
49279
49287
49290
49300
41736
49315
49318
49319
49330
34120
49340
49346
49349
49363
49365
49383
30145
49391
49400
49407
49411
49414
49424
49427
49431
51131
51149
51150
51160
51164
51171
51174
51176
51182
51190
51193
51196
51200
51208
51215
51217
51220
51230
51233
51236
51248
51250
51254
51259
51261
51268
51271
48795
48789
48799
48812
48815
48818
48821
45235
45238
45246
45255
45292
45318
45326
45356
45361
45401
45403
45413
45444
45449
45482
45515
45539
45582
45584
45641
26760
26774
26823
26840
23192
23200
23316
23387
23400
23474
23540
23563
23574
23642
23655
23788
23809
23843
23853
23880
23969
24018
24093
24116
24150
24155
24293
49445
49449
49457
49461
49483
49484
49490
49493
49503
49507
49521
49525
49527
49536
49538
49550
49552
49558
49560
49564
49567
49571
49574
49586
28436
49598
49601
51274
51280
51291
51296
51307
51299
51315
51318
51321
51329
51333
51335
51337
28123
51352
51355
51363
51367
51369
51371
51386
51389
51392
51395
51398
51408
51415
45260
45654
45657
45694
45698
45699
45703
45725
45734
45763
45769
45802
45827
45830
45858
45872
45887
45891
45897
45907
45911
45925
45929
45940
44014
45997
46030
24316
24378
24404
24445
24462
24474
24521
24644
24789
24795
24809
24855
21248
21266
21291
21361
21455
21468
21548
21596
21640
21649
21659
21671
21709
21822
21926
49604
49607
49610
49577
49624
49626
49630
27825
49636
49637
49640
49642
49647
49648
24502
49654
49657
49665
49668
49671
49678
49686
49693
49703
49706
49709
49711
51419
51420
50523
51429
51432
51435
51438
51446
51454
51456
51461
51469
51479
51483
51491
51494
51499
51510
51513
51516
51518
51522
51529
51533
51536
51538
51542
46035
46046
46056
46063
46085
46120
46159
46170
46219
46222
46243
46252
46280
46327
46330
46334
46350
46353
46363
46366
46395
46417
46421
46452
46458
46463
46466
21991
22023
22110
22118
22126
22150
22256
22269
22303
22381
22385
22436
22471
22498
22501
22609
22635
22742
22760
22848
22947
23091
23107
19397
19469
19481
19513
49714
49727
49729
49716
49733
49736
49745
49752
38317
49774
49775
49784
49789
49794
49802
49806
49805
48227
49821
49822
49818
49826
49836
49839
49843
49848
49850
47234
51553
51562
51565
51573
51576
51579
51582
51592
51597
51595
51621
51623
51639
51643
51652
51651
51656
51657
51659
51666
51669
51672
51674
48952
51687
51690
46489
46499
46520
46522
28374
46544
46566
46572
46610
46642
46674
46687
46705
46727
46742
46750
46755
46772
46778
46789
46792
46808
46822
30881
46830
46840
46843
19544
19659
19670
19731
19763
19943
19952
20032
20051
20055
20063
20196
20482
20518
20529
20531
20544
20573
20595
20651
20711
20787
20790
20793
20930
20951
20954
55284
55292
55296
55299
55301
55324
55332
55333
55336
55338
55345
55353
55363
55375
55378
55382
55385
55394
55395
55403
55421
55432
55434
55436
55444
55450
55452
47651
47648
47656
47659
47662
47670
47672
47679
47682
47694
47700
47704
47713
47722
47724
47727
47735
47738
47744
47747
47755
47758
47767
47777
47779
47784
47786
55455
55463
55466
55474
55481
55487
55491
55494
55505
55512
55514
55516
55525
55528
55530
55534
55580
55582
55584
55586
55610
55618
55561
55624
55627
55631
55642
47804
47806
47819
47823
47826
47829
47840
47843
47847
47850
47858
47868
45465
47888
47891
47894
47897
47900
47917
47931
47937
47941
47948
47953
47956
47960
47971
55645
55648
55651
55658
55661
55664
55670
55679
55683
55692
55697
55701
55707
55710
55718
55721
55738
55744
55748
55758
55760
55764
55767
55770
55778
55784
55787
47974
47977
47980
47991
48005
48008
48011
48014
48017
48031
48034
48037
48040
48049
48054
48059
48067
48070
48076
48079
48094
48096
48100
48113
48116
48122
48130
55790
55804
55807
55809
55818
55820
20660
55823
55828
55841
55844
55847
55861
55867
55878
55884
55889
55890
55895
55910
55913
55929
55943
55946
55949
55953
55963
48134
48140
48151
48155
48159
48154
48164
48179
48181
48184
48186
48194
48197
48200
48202
48206
48217
48220
48235
48238
48241
48259
48261
48266
48278
48281
48285
55965
55969
55972
55987
55996
56010
56028
56031
56033
56049
56054
56050
56058
56061
56071
52414
52419
51449
52427
52429
52438
52439
52443
52446
34955
52461
52465
48291
48299
48302
48305
48309
48312
48329
48330
48334
48337
48345
48349
48359
48358
48369
48372
48386
48389
48393
48396
48398
48406
48408
27888
48413
48417
48421
52476
52478
52486
52493
52495
52507
52512
52542
52545
52548
47966
52557
52559
52315
52334
52582
52589
52592
38736
52610
52617
52625
52628
52641
52646
52647
52654
48430
48435
48438
48441
48455
48454
48460
48471
48474
48477
48492
48496
48499
48502
48505
48513
48517
48533
48538
48545
48553
48556
48560
48559
48568
48576
48579
52658
52660
52671
52673
52674
52680
52681
52686
52689
52691
52696
52702
52705
52708
52721
52724
52729
24840
52739
52741
52743
52751
52762
52774
52779
52787
52789
48585
48586
32416
48602
48608
48616
48619
48622
48626
48636
48639
48642
48663
48668
48671
48674
48694
48700
48703
48706
48717
48727
48739
48743
48745
48747
48760
52792
52794
52801
52803
52806
52807
52811
52822
52831
47616
52839
52852
52855
52859
52865
52871
52874
52886
52888
52895
52900
52902
52904
52908
52923
52926
52259
48763
48766
48773
48778
48790
48798
48801
48808
48814
48817
48820
48823
48826
48832
48835
48838
48841
48848
48854
48857
48860
48863
48871
48877
48879
48890
48893
49863
49868
49869
49872
49889
49892
49907
49910
49916
49918
49925
49938
49940
49946
49948
49962
49965
49968
49972
46425
46461
46477
46490
46529
46538
46547
46559
19980
20028
20102
20109
20125
20156
20162
20180
20199
20206
20221
20255
20291
20374
20400
20450
20459
20472
20484
20546
20553
20605
20626
16994
17031
17064
17102
46849
46861
46864
46869
35691
46880
31278
46889
45276
46908
46924
46928
46935
44610
46944
46947
46956
46959
46962
46964
46974
46984
46992
46995
47000
47016
47019
46562
46575
46594
46600
46620
46623
46641
46669
46675
46698
46704
46707
46722
46725
46728
46748
46749
46771
46779
46785
46790
46796
46812
46815
46818
46821
46834
17117
17146
17154
17259
17370
17474
17521
17544
17573
17584
17608
17625
17634
17637
17667
17716
17799
17821
17976
18017
18060
18111
18114
18141
18215
18248
18254
47024
47035
43392
43397
43414
43420
43451
43457
43485
43508
43546
43558
43573
43590
43599
43635
43673
43714
43754
43784
43792
43828
43848
43866
43869
43895
43906
46837
46839
46870
46872
46879
46882
46890
46906
46911
46913
46926
27369
46938
46940
46936
46950
45059
46955
46970
46973
46976
46991
46999
47002
47005
47008
47013
18281
18283
18406
18432
18466
18476
18556
18620
18645
18684
18689
18737
18739
18771
18776
15162
15245
15349
15383
15433
15436
15476
15552
15573
15596
15622
15668
43939
43943
44000
44055
44081
44138
44160
44164
44170
44226
43138
44288
44294
44298
44308
44320
44359
44390
44407
44421
44435
44437
44443
44489
44506
44513
44516
47023
47027
47030
47038
47040
47044
47055
47057
47059
47061
47064
47072
47074
47076
47081
47085
47083
47093
47096
47099
47101
47103
47111
47113
47115
14550
47119
15730
15812
15832
15851
15865
15871
16030
16097
16142
16282
16392
16400
16412
16415
16481
16488
16511
16534
16595
16629
16632
16720
16723
16746
16815
16821
16844
44570
44587
44620
44697
44754
44771
44877
44891
44893
45058
45063
45076
45101
45129
45147
45156
45165
45182
45199
27651
41616
41650
41656
41739
41791
41806
41811
47128
47133
46901
47141
47148
47155
47158
47173
47176
47177
47179
47183
47189
47197
47206
47205
47212
47214
33892
47228
47231
47237
47247
47250
47252
47255
47265
16919
13441
13444
13477
13512
13567
13581
13664
13731
13819
13822
13843
13862
13911
13923
13961
14018
14110
14232
14283
14325
14342
14379
14387
14438
14540
14644
41861
41864
41882
41900
41937
41952
42030
42039
42086
42098
42126
42150
42203
42241
42264
42355
42372
42396
42398
42467
42480
42482
42535
42582
42636
42661
42733
47268
47272
47269
47277
47284
47286
47289
47293
47295
47299
47307
47311
47314
47320
47328
47329
47331
47333
47354
47357
47368
43468
47379
47388
47391
47394
47398
14661
14684
14695
14722
14746
14830
14870
14882
14886
14924
15011
15028
15139
12192
12249
12304
12349
12350
12433
12612
12628
12732
12759
12815
12887
13058
13077
42760
42761
42816
42932
43026
43030
43072
43198
43205
43227
43291
43297
43376
43380
39797
39885
39966
39976
40004
40008
30553
40104
40118
40177
40240
40295
40300
47404
47407
47413
47417
47424
47427
47430
47439
47447
47449
47451
47454
47466
47468
47477
47489
47495
47509
47512
47515
47518
47521
47528
47534
47537
47541
47548
13173
13196
13253
13288
13327
61533
59741
47886
59757
59756
59766
59770
59771
59774
59779
59793
59796
59800
59803
59814
59828
59832
59836
59835
59842
59854
59857
40378
40418
40438
40516
40520
40639
40657
40663
40882
41023
41259
41277
41301
41325
41343
41364
41379
41444
41508
41555
38016
38072
38075
38106
38145
38173
38205
47554
47559
47571
47574
47577
47580
47583
47591
47594
47597
47600
47620
47626
47633
47636
47642
44948
47647
47655
47661
47664
47675
47678
47681
47696
47699
47702
59860
59870
59873
59879
59900
59903
59905
59915
59894
59934
59938
59946
59956
59960
59958
59965
59968
59976
59980
59977
59995
59998
60004
60006
60020
60024
60028
38279
38281
38347
38376
38398
38422
38426
38511
38526
38544
38567
38595
38662
38671
38818
38836
38867
38880
38897
38899
38989
39012
39017
39078
39106
39171
39209
51693
51700
51707
51709
49294
51714
51725
51733
51726
51742
51749
51752
48245
51757
51764
51769
51773
51776
51788
51791
51797
51805
51808
51817
51828
51833
51835
61159
61178
61199
61198
61214
61218
61230
61269
61271
61288
61291
55549
61356
61373
61420
61433
61484
61498
61531
61561
58201
58211
58213
58222
58228
56250
58241
51838
51847
51856
51860
51867
51871
51874
51885
51888
51895
51899
51903
51908
51911
51917
51924
51923
51932
51941
51947
51945
51951
51956
51960
51967
51969
51975
58242
58247
58250
58257
58259
58266
58273
58276
58287
58292
58298
58304
58306
58308
58311
58320
58322
58326
58328
58337
58340
58343
58347
58349
58353
58356
58361
51979
51996
52004
52007
52011
52013
52016
52024
52030
52033
52046
52050
52067
52076
52079
52082
52085
52088
52096
52100
52104
52112
52123
52126
52130
52134
52141
58372
58375
46177
58381
58395
58398
58426
58431
58433
58436
58441
58444
58461
58464
58465
58467
58469
58478
58481
58484
58490
58492
58500
58503
58515
58518
58532
52144
52147
52150
52161
37334
52167
52170
52173
52180
52183
52186
52189
52203
52206
52210
52207
52222
52226
52229
52231
52246
52247
52251
52254
52270
35996
52275
58535
53675
58548
58551
58553
58556
58564
58567
58569
58573
58581
58593
58601
58607
58618
58620
58609
58627
58640
58651
58654
58653
58668
58671
58678
58688
58690
52278
52281
52292
52295
52301
52329
52316
52352
52355
52358
52361
52370
52373
52376
52379
52385
52389
52396
52400
52409
52412
52423
52425
52428
52435
52441
52455
58704
58715
58726
58728
58733
58750
58766
58768
58772
58771
54029
58787
58788
58791
58797
58805
58807
58809
38336
58820
58822
58825
58831
58838
58841
55757
58868
52458
52459
52460
52463
52466
52469
52477
52479
52481
52488
52491
52500
52503
52508
52514
52517
52521
52528
52535
52539
37143
52553
52555
52561
52562
52565
52569
58886
58891
58897
58901
58904
58913
58915
58918
58928
58931
58934
58940
58939
58955
58958
58971
58973
58982
58981
58993
58998
59002
59004
59009
59020
59023
59038
52570
52579
52580
52583
52590
49025
49026
49030
49033
49036
49044
49047
49052
49055
49064
49068
49073
49076
49079
49087
49095
30549
49099
49106
49109
49112
49127
59045
59057
59067
59068
59078
59085
59075
59090
59107
59108
59101
59118
59122
59125
59128
59130
59146
59148
59151
59153
59161
59163
59176
59182
59183
59190
59196
49133
49136
49140
49148
49151
49154
49159
49163
49170
49173
49180
49183
49191
49193
49200
49210
49213
49222
49236
49239
49243
49246
49252
49255
49258
49261
49264
59200
59203
59211
59218
59220
59228
59232
59235
59237
59240
59248
59255
59259
59262
59278
59280
32638
59291
59293
59300
59296
59306
59313
59317
59320
59322
59330
49276
49284
49292
49296
49301
49303
49306
49317
49322
49333
49348
27139
49353
49366
49367
49371
49377
49380
49387
49393
49394
49406
49416
49419
49433
49436
49439
39215
39316
39322
36854
39359
39370
39380
39434
39475
39542
39544
39549
39551
39572
39540
39611
39619
39652
39658
39680
39692
39737
39740
39757
36285
36317
36329
59339
59342
59352
59355
59359
59373
59380
59390
59391
59397
59406
59415
59418
47562
59429
59432
59435
59441
59443
59454
59456
59470
59480
59481
25891
59496
59500
49448
49454
49470
49486
49489
49492
49495
49511
49515
49532
49537
49541
49545
49549
49553
49559
49562
49573
49478
49588
49591
49606
49609
49615
49621
49625
41985
36427
36438
36520
36582
36603
35698
36666
36673
36703
36727
36751
36764
36773
36821
36921
36960
36983
36997
37006
37038
37062
37065
37214
37230
37255
37318
37384
59508
59511
59514
59519
59524
59532
59419
59548
59556
59562
59565
59566
59569
59570
59584
59590
59593
59600
59603
59605
59612
59614
59624
59639
59649
59650
59655
49639
49644
49651
49653
49656
49659
49670
49673
49677
49679
49688
49692
49694
49699
49700
45261
49713
49721
49724
49728
49732
49738
49744
49747
49751
49742
49763
37457
37487
37537
37594
37598
37610
37634
37637
37650
37683
37694
37704
37710
37727
37749
37794
37799
37802
37815
37890
37893
37907
37461
37979
34365
34410
34436
59668
59674
59682
59686
59688
59691
59694
59699
51600
59707
59708
59715
59719
59727
59730
59736
59742
59758
59762
59764
59780
59789
59797
59807
59813
59822
59825
49776
49788
49793
49801
49807
49811
49815
49823
49828
49835
49849
33079
49852
49854
49860
49862
49865
49875
49880
49886
49888
49891
49894
49897
49905
49906
49909
34439
34518
34521
34553
34584
34609
34653
34734
34770
34839
34876
35011
35043
35124
35137
35149
35171
35176
35211
35280
35304
35322
35343
35361
35426
35471
31783
59829
59831
59843
59847
59850
59863
59866
59871
59885
59890
59901
59908
59910
59912
59929
59932
56458
56462
56471
56485
56486
56501
56502
56509
56510
56519
56527
49912
49921
49924
49929
49932
49939
49943
48282
49951
49953
49956
49961
49964
49967
49970
49973
49975
49986
49988
49990
50002
50005
50018
50021
50027
50033
50042
35567
35576
35641
35652
35751
35790
35817
35874
35875
35891
36001
36008
36019
36039
36059
36100
32469
32481
32531
32571
32620
30452
32662
32673
32702
32766
32844
56534
56537
56540
56550
56552
56553
56556
56555
56563
56566
56569
56572
56575
56584
55425
56592
56597
56609
56616
56614
56638
56649
56658
56659
56677
56680
56682
50043
50049
50050
50053
50055
50069
50070
50073
50081
50082
50085
50088
50092
50094
50105
50112
50114
50122
50125
50135
50146
50148
50155
50163
50167
50170
50173
32867
32888
32944
32956
32996
32999
33023
33029
33095
33132
33148
33179
33185
33336
33338
33341
33360
33372
33484
33576
33611
33629
33658
33772
33800
33830
33848
56684
56690
56701
56703
56707
56719
40287
56731
56737
56739
30545
56751
56754
56766
56771
56775
56784
56787
56770
56792
56797
56802
56818
56819
56824
56831
56837
47605
50187
50197
50200
50204
50213
50218
50221
50226
44003
50240
50247
50249
50246
50272
50275
50281
50288
50298
50302
50308
50319
50323
50336
50340
50344
50356
33966
33979
33989
34002
34108
34130
34143
34154
34178
34191
34213
34241
34298
30615
30727
30763
30848
30861
30884
30955
30974
25838
31018
31026
31042
31055
31076
56841
56844
56847
56860
56865
56873
56877
56887
56899
56914
56919
56916
56924
56931
56933
56937
56941
56946
56957
56969
56979
56982
56989
57010
57013
57018
57031
50359
50366
50372
50374
50400
50410
46922
50415
50422
50426
50429
50432
50437
50441
50443
50453
50461
50472
50475
50478
50480
50487
50491
50495
50500
50510
50526
31114
31120
31219
31222
31241
31245
31265
31342
31354
31389
31413
31434
31470
31546
31560
31563
31603
31621
31631
31645
31651
31655
31701
31703
31781
31793
31844
57035
57039
57046
28040
57050
57058
57062
57070
57078
57083
57087
57095
57094
55882
57104
57107
57115
57122
57125
57130
57134
57138
57141
57144
57148
57163
57173
31872
31890
31928
31929
20129
32002
32019
32037
32054
32056
32115
32135
32218
32221
32241
32269
32330
32360
32450
28823
28885
28936
28975
28978
29032
29055
29074
29085
29098
29103
29162
29168
29171
29180
29268
29300
29331
29403
29419
29430
29475
29502
29534
29539
29551
29565
29587
29591
29604
29609
29626
29655
29665
29694
29810
29829
29857
29919
29926
29982
30011
30039
30162
30169
30191
30223
30255
30393
30431
30450
30476
30510
30519
30524
26898
26976
26980
26999
27028
27123
27142
27164
27262
27274
27340
13932
27351
27368
27399
27454
27470
27542
27717
27745
27803
27817
27828
27836
23330
28039
28071
28121
28124
28139
28145
28183
28189
28194
28206
28316
28472
28489
28490
28546
28583
28670
28675
28718
28738
28764
28797
25080
25086
25192
25198
25230
25263
25323
25359
25362
25431
25470
25475
25492
25497
25524
25582
25682
25731
25782
25786
25859
26044
26147
26171
26257
26270
26286
26439
26493
26538
26664
26678
26852
23156
23278
23412
23521
23551
23705
23711
23777
23836
23844
23876
23905
23947
23999
24048
24075
24104
24127
24173
24184
24236
24281
24325
24353
24376
24379
24413
24422
24455
24464
24498
24547
24571
24584
24680
24710
24800
24853
24865
24894
24913
24962
24975
25017
25036
25048
21216
21262
21365
21417
21442
21549
21551
21647
21653
21754
21788
21798
21849
21860
22039
22091
60039
60045
60047
60050
60059
60067
60069
60073
60081
60087
60098
60101
60104
60107
60111
60122
60127
60133
60142
60146
60147
60153
60163
60167
60181
60183
60187
48896
48899
48901
48910
48913
48916
48923
48922
48935
48938
48944
48953
48961
48965
48972
48975
48976
48984
48992
48996
49000
49009
49014
49017
49023
49034
49039
60193
60203
60212
60214
60222
60225
60230
60236
60245
60249
60251
60259
60262
60271
60274
60290
60293
60298
60302
60312
60329
60330
60338
60340
60344
60355
60357
49038
49043
49046
49053
49056
49063
49066
49074
49077
49080
49090
49098
49100
49102
49105
49108
49116
49119
49122
49126
49137
49141
49142
45621
45625
45623
45671
60360
60378
60385
60388
60400
60403
60405
60377
60418
60422
60425
60433
60437
60448
60460
60465
60483
60486
60487
60503
60511
60519
60523
60524
60528
60544
60546
45675
45689
45716
45727
45737
45740
45750
45759
45794
45853
45863
45874
45877
45893
45895
45981
45983
45995
46057
46077
46094
46108
46126
46145
46151
46153
46160
60562
60564
60570
60573
60591
60594
60607
60610
60613
60617
60625
60632
60646
60649
39066
60657
60666
60661
60674
60707
60712
60714
60732
60734
60741
60529
60756
46178
46201
46246
46292
46304
46368
46389
46402
46429
46441
46471
46475
46473
46507
46513
46516
46551
46571
46592
46597
46601
46631
46651
46654
46664
46710
46720
60758
60764
60790
60799
60813
60817
60823
60829
60847
60854
60892
60907
60932
60936
60940
60942
60955
60959
60964
60978
60983
48352
61016
61027
61038
61043
61046
46734
46740
46554
46774
46780
46794
46797
46810
46816
46827
46832
46838
46852
46863
46865
46868
46873
46885
46888
46910
46912
46923
46927
46930
46943
46946
46951
61058
61060
61063
61077
61082
61087
61102
50212
61116
61120
61137
61163
61185
61190
61202
61211
61231
61241
61259
61286
61293
61346
61383
61384
61389
61403
61411
46966
46972
46981
46983
46986
46988
46994
46997
47001
47006
47009
47011
47021
47025
47041
47043
47050
47053
47068
47067
47075
47078
47082
47091
47097
47112
47114
61476
61489
61511
57989
58005
58007
58010
58013
58014
58021
58027
58030
58041
58046
58056
58060
58064
58075
58078
58089
58097
58099
58101
58103
58110
58117
58118
47116
47122
47129
47132
47135
47127
47154
47156
47163
47167
47169
47171
47182
47186
47187
47190
47193
47200
47203
47207
47213
47215
47223
47226
47229
47236
31682
58122
58128
58129
27118
58147
58148
58154
58163
58151
58169
58174
58180
58192
58203
58214
58221
58224
58232
58234
58237
58240
58252
28714
58260
58268
58271
58272
47248
47251
47254
47260
47270
47273
47285
47288
47290
47302
47309
47312
27233
47332
43839
43860
43874
43894
43925
43947
43980
44035
44071
44086
44093
44111
44137
57119
57177
57183
57196
57200
57204
57206
57214
57217
57222
57227
57230
57236
57233
57247
57250
57253
57260
57266
57269
57274
57304
57309
57313
57316
57322
57324
57325
57333
57338
57352
57353
57356
57359
57362
57371
57373
57375
57381
57384
57388
57393
57399
57403
57400
57407
57412
57419
57424
57426
57437
57438
57444
57457
57462
57473
57479
57483
57492
57495
57499
57513
57516
57519
57530
57532
57527
57539
57541
57543
57547
57550
57555
57563
57570
57573
57577
57579
57586
25238
22698
57597
57603
57608
57617
57625
57629
57636
57647
57653
57656
57658
57661
57674
57677
57682
57686
57693
57695
57699
57701
57704
57715
57718
57725
57732
57733
57736
57738
57746
57753
57759
57771
57778
57781
57787
57797
57799
57803
57806
57817
57820
57824
57834
57836
57845
57846
57858
57856
57869
57877
57884
57887
57891
57893
57901
57907
57918
55552
57925
57955
57957
55746
57973
57975
57990
57987
57995
57999
58003
58004
58012
58017
58022
58024
58029
58036
58037
58040
58049
50317
58054
58071
58073
58080
58084
58085
58087
58093
58096
58098
58106
58112
23339
58120
58123
58124
58136
58139
58142
58152
58157
33122
58170
58177
57949
58194
54652
54654
54656
54658
54668
54671
54683
54686
49753
54703
54708
54710
54715
54722
54725
54729
54731
54737
54743
54753
54758
54764
54767
54770
54773
54775
54784
54791
54797
50535
50538
50551
50553
50554
50559
50567
50573
50574
50577
50586
50588
50599
50605
50613
50616
50622
50625
50634
50642
50643
50645
50654
50657
50658
50661
50664
33108
33125
33136
33205
33268
33279
33380
33401
33452
33508
33614
33619
33638
33679
33775
33778
33810
33825
33849
33858
33867
33928
33949
33968
34064
34157
34164
52941
52961
52971
52977
52986
52327
52999
53006
53008
53016
53017
53021
53029
53033
53036
53038
53047
53051
53053
53056
53062
53066
53068
53085
53092
53099
53101
54809
54812
54815
54819
54832
54833
54838
54841
54846
54851
54857
54861
54870
54871
54880
54894
54891
54899
54901
54904
54912
54913
54762
54921
54933
54938
54946
50668
50683
50686
50688
50691
50694
50697
50700
50702
50705
50713
50715
50723
50734
50739
50742
50753
50758
50772
50774
50779
50780
50789
50796
47239
47245
47253
30543
30602
30687
30690
30726
30844
30867
30902
30932
30941
30970
31032
31045
31046
31058
31071
31092
31199
31207
31262
31275
31332
31390
31397
31418
31421
31435
53089
53107
53108
53120
53123
53127
53130
53132
53134
37779
53145
53148
53151
47478
53161
53167
53169
53180
53183
53186
53200
53202
53207
53214
53217
53232
53236
54948
54951
54957
54960
54967
54970
54974
54976
54987
54989
54992
54994
55007
55010
55014
55006
55019
55033
55040
55050
55052
55055
55061
55067
55070
55077
55079
47257
47259
47262
47271
47274
47275
47279
47282
47292
47297
47301
47304
47313
47316
47322
47325
47334
47339
47355
47359
47362
47373
47376
47378
47381
47384
47390
31465
31531
31543
31600
31624
31663
31683
31689
31736
31777
31789
31795
31845
31854
31896
31931
31988
31995
32011
32111
32196
32265
32303
32313
32346
32372
32381
53240
53241
53245
53250
53258
53259
53265
53282
53285
53288
53294
53302
53313
53315
53320
53322
53330
53333
53336
53340
53344
53352
53357
53359
53371
53378
53389
55087
55090
55092
55095
55097
55106
55109
55112
55115
55119
55128
55131
55134
55140
55147
55151
55162
18464
55172
55175
55181
55193
55196
55198
55215
55217
55229
47393
47396
47397
26637
47411
47416
47412
47420
47429
47432
47438
47441
47444
47453
47456
47459
47470
47473
47476
47480
47483
47490
47500
47501
47504
47507
47514
32390
32405
26723
26790
26793
26806
26921
26929
26951
26973
26996
27078
27085
27098
27100
27158
27186
27209
27234
27244
27266
27294
27391
27411
27523
27637
27680
53393
53395
53399
53408
53414
53416
53419
53427
53430
53433
53449
53456
53462
53465
53468
53477
53478
53482
53485
53488
53491
53499
53501
53503
53507
53513
53516
55214
55240
55246
55248
55257
55260
55267
55269
55283
55286
55303
55305
55309
55316
55320
55323
55327
50865
55340
55344
55347
55351
55358
55364
55370
55380
55342
24432
60669
60684
60688
60690
31591
60705
60709
60711
60724
60725
60753
60765
60697
60770
60791
60792
60803
60810
47516
47523
47533
47536
47545
47553
47555
47561
47565
47568
47576
47582
47584
47588
47596
47599
47606
47610
47619
47644
47646
47650
47652
47660
47663
47666
47669
27716
27798
27806
27827
27861
27882
27891
27925
27932
27972
28007
28018
28074
28076
28141
28221
28241
28257
28267
28282
26218
28305
28345
28371
28471
28504
28586
53520
53522
53525
53532
53539
53540
53553
53562
53564
53576
53577
53584
53591
53597
53616
53630
53635
53637
53632
53643
53652
53654
53655
53662
53669
53672
53682
55388
55391
55399
55402
55400
55408
55423
55433
55435
55439
55451
55459
55468
55471
55473
55477
55480
55486
55490
55493
55511
55518
55519
55521
55529
55537
55572
60815
60824
60827
60830
38918
60845
60865
60852
60875
60877
60887
60891
60896
60908
60909
60914
60906
60926
60938
60951
60954
60958
60967
60970
60974
60979
55576
46498
47680
47683
47686
47690
47693
47701
47707
47712
47725
47728
47731
47734
47737
47745
47748
47751
47754
47757
47768
37039
47782
47796
47801
47810
47814
47820
28608
28643
28654
28697
28757
28842
29006
29012
29047
29077
29100
29109
29113
29163
29174
29238
29269
29281
29310
29344
29381
29427
24655
29481
29746
29792
29866
53696
53701
53703
53706
53714
53717
53720
33715
53738
53740
53748
53751
53754
53757
53763
53768
53771
53773
53786
53801
53806
53810
53817
53835
53836
53839
53840
55564
55594
55604
55606
55623
55626
55633
55647
55650
55656
55666
55669
55673
55682
55688
55566
55545
55730
55732
55735
55743
55747
55754
55763
55766
55769
55772
61019
61029
61035
61068
61071
61074
61093
61113
61115
61118
61122
61129
61139
61175
61197
61201
61200
61215
61221
61237
61242
61257
61297
61308
61322
61338
61359
47827
47830
47836
47848
47851
47854
47857
47867
47870
47873
47876
47880
47883
47887
47890
47893
47901
47904
47907
47911
47914
47922
47927
47942
47947
47958
47961
29868
30007
30034
30057
30083
30122
30124
30186
30195
30231
30259
30274
30349
30352
30402
30410
30459
30464
24841
24887
24907
25077
25096
25227
25296
25328
25446
53849
53852
53866
53873
53891
53895
53900
53927
53929
53930
53950
53955
53956
53961
53965
53966
53968
53973
53980
53984
53988
53995
53998
54019
54027
54031
54034
55775
55803
55806
55810
55812
55830
55843
55846
55852
55855
55863
55868
55872
55875
27579
55906
55918
55928
55420
55945
55948
55951
55954
55957
55968
55971
55973
61387
61490
61507
61510
57048
57051
57045
57066
57071
57074
57080
57084
57063
40459
57098
57114
57126
57127
57132
57139
57146
57145
57150
57161
57166
57168
57171
47970
47981
47995
48004
48007
48015
48021
48028
19344
48038
48048
48050
48066
48069
48080
48083
48087
48089
48101
48105
48107
48112
48119
48126
48133
48145
48147
25456
25553
25661
25679
24258
25784
25788
25827
25845
25899
25910
25916
25919
25971
25975
26039
26078
26081
26100
26124
26164
26224
26248
26260
26277
26312
26319
54042
54044
54046
54060
54065
54067
54084
54090
54092
54101
54104
54108
54117
54120
54129
54131
54132
54136
54105
54156
54161
54166
54180
22889
54190
54193
54195
55977
55551
55999
56003
56015
56021
56036
56060
56066
56068
56079
56088
56089
56101
56111
56123
56126
56131
56134
56145
56149
56152
56155
56161
56172
56181
56185
56190
56192
56195
56198
56201
56210
56211
56219
56222
56226
56239
56243
56257
56260
56263
56265
56272
56280
54079
56285
56282
55556
56302
56305
56311
56314
56317
44201
44225
44230
44242
44259
44266
44290
44372
44373
44378
44381
44416
44451
44461
44476
44499
44507
44518
44532
44576
44577
44616
44629
44637
44722
38798
44752
59914
59928
59933
59940
59948
59954
59957
59961
59963
59971
59979
59981
59982
59991
59994
59996
59999
60002
60010
60012
60018
60037
60040
60042
60058
60060
60061
56340
56345
56358
56360
56363
56366
56381
56387
56403
56407
56410
56413
56415
56422
56425
56430
56433
56446
56449
52907
36279
52914
52922
52924
52928
52929
52931
44756
44773
44779
44811
44827
44868
44890
44892
44906
44926
44934
44937
44945
44954
44959
44981
44983
45001
45016
45019
45041
45045
45057
45068
45084
45097
45107
60064
60075
60078
60082
60066
60074
60099
60102
60105
60109
60116
60120
60128
60129
60136
60139
55546
60149
60157
60159
60165
60166
60174
60179
60175
60189
60191
52937
52943
52951
52952
52966
52969
52979
52996
53001
53005
53010
53013
53024
53023
53035
53052
53058
53064
53071
53073
53077
53084
53086
53088
53093
53095
53105
45141
45153
45169
45187
45193
45216
45239
45257
45264
45270
45289
45299
45337
45339
45374
45384
45409
45415
45467
45579
41920
41925
41996
42001
42015
42043
42227
60199
60205
60221
60226
60242
60244
60248
60265
60278
60291
60294
60305
60016
60313
60322
60327
60331
60333
60337
60339
60348
60353
60361
60367
60380
60379
60390
53111
53114
53122
53129
53131
33314
53138
53146
53147
53150
53153
31361
26443
53166
53168
53171
53174
53182
53185
53188
53195
53201
53205
53209
53218
53221
53222
42263
42302
42327
42363
42399
42457
42460
42483
42496
42545
42577
42610
42635
42679
42702
42735
42776
42805
42818
42885
42897
42920
42931
42944
42963
42973
43042
60393
60396
60234
60408
60415
60417
60420
60423
60440
60435
60451
60456
60457
60445
60461
60470
60474
60479
60485
60491
60494
60500
60501
60514
60520
60521
60539
53226
53230
53239
53233
53244
53247
53249
53254
53267
53270
53272
52322
53284
53287
53290
53297
53299
53301
53307
53314
53317
53319
53324
53335
53339
53346
53348
43085
43132
43143
43168
43180
43182
43238
43248
43255
43270
43324
43378
43383
43422
43459
43464
43533
43542
43581
43672
43745
40089
40112
40131
40164
40190
40208
60541
60545
60547
60556
60554
60566
60567
60586
60588
60601
60605
60611
60619
60623
60615
60627
60629
60640
60644
60650
60662
55258
55262
55272
55282
55290
55306
53356
52332
52323
53363
53374
53380
53382
53385
53388
53394
53398
53402
53406
53413
53418
53421
53425
53435
53441
53445
53448
53451
53454
53460
53463
53467
53472
40219
40248
40271
40357
40439
40447
40467
40470
40502
40508
40532
40539
40545
40548
40596
40644
40650
40675
40744
40761
40845
40953
40994
40997
30201
41048
41094
55312
55315
55322
55325
55326
55349
55352
55354
55366
55371
55373
55377
55383
55386
55389
55397
55407
55410
55413
55416
55422
55424
55437
55440
55443
55447
55453
53474
53469
53484
53487
53489
53493
53500
53504
53506
53519
53521
53524
53529
53537
53542
53549
53551
53566
53569
53570
53579
53582
53585
53594
53596
53599
53601
41100
41120
41119
41126
41134
41179
41326
30566
41330
41445
41474
41477
41601
41732
41781
41844
38172
38182
38227
38273
38304
38323
38335
38355
38373
38466
38482
55460
55462
55472
55484
55492
55498
55501
55504
55515
55517
55524
55527
55536
55539
55577
55575
55562
55590
55593
55596
27259
55605
55608
55611
55619
55621
55628
53612
53619
53622
53364
53633
53636
53640
53644
53651
53668
53671
53674
53677
53679
53686
53690
52313
53708
53718
53722
53727
53736
53735
53750
53753
53756
53759
38498
38521
38587
38650
38766
38756
38768
38783
38785
38822
38845
38851
38887
38915
38953
38972
38973
39089
37488
39202
39208
39247
39277
39309
39405
39407
39412
57176
57179
57188
57191
57198
57203
50612
57216
57219
57224
57231
57238
57241
57242
57249
57251
57254
57257
57263
57278
57280
57284
57293
57298
57315
57319
57327
47709
26472
47720
47729
47732
47740
47746
47749
47752
47761
27881
47769
47772
47788
33474
47808
47811
47813
47825
47831
47834
47852
47855
47863
47869
47871
47874
57340
57343
57346
57355
57358
57361
57365
57367
57372
57386
57392
57395
57406
57411
57414
57417
57404
57441
57442
57447
57450
57460
57461
57471
57478
57502
57505
47878
47885
47896
47902
47909
47916
47920
47925
47934
47952
47955
47959
47908
47964
47976
47988
47998
48009
48013
48016
48026
48033
48053
48058
48061
48072
48075
57507
57518
48646
57531
57533
57540
57544
57549
57509
57553
57558
57564
57578
57580
57584
57589
57602
57605
57610
57626
57628
57630
57633
57642
57644
57645
57649
48078
48081
48084
48093
48097
48099
48103
48102
48109
48115
48118
48121
48124
48127
48139
20092
48148
48157
48161
48163
48166
48169
48178
48183
48185
48188
44687
57657
57660
57666
57670
57671
57679
57681
57685
57698
57703
57707
57710
57716
57719
57724
57735
57742
57744
57748
57754
57755
57770
47884
57773
57785
57548
57792
44704
44719
44746
44758
44763
44775
44793
44855
44866
44912
44918
44933
44942
45028
45054
45109
45135
45166
45170
45201
45215
45220
45269
45280
45283
45294
45303
57795
57802
57808
57810
57825
57839
57842
57850
57865
57871
57873
57876
57878
57906
57910
57913
57917
57923
57927
57936
57943
57946
57950
57953
57961
57968
57972
45331
45367
45402
45406
45451
45458
45503
45538
27163
45577
45585
45596
45653
45660
45673
45687
45701
45704
45726
45764
45772
45818
45825
45838
45844
45849
45867
57978
57992
58001
58006
58018
58020
58023
58028
58034
58039
58042
58044
58051
58053
58058
58066
58074
58082
58086
58095
58102
58107
58108
58115
58131
58138
58140
45885
45898
45939
45946
45949
45966
45985
45994
46024
46036
46069
46084
46109
46112
46128
46141
46171
46193
45670
46204
46208
46223
46227
46238
46249
46248
46253
58146
58149
58164
58167
58172
58199
58202
58204
58219
46070
58231
58235
58244
58253
58254
58261
58265
58277
58280
58281
58296
58302
58307
58313
58318
58325
29402
46279
46303
46331
46357
46385
46394
46407
42952
42978
43029
43062
43091
26069
43154
43183
38878
43247
43251
43274
43276
43330
43372
43391
43425
43444
43467
43518
58334
58344
58346
58335
58359
58363
58365
58370
58374
58376
58378
58385
58390
58392
58402
58412
58415
58419
58430
58432
58435
58447
58450
58459
58472
58474
58480
43547
43676
43725
43744
43759
43764
43779
43833
43889
43902
43946
43951
43961
43989
43997
44007
44018
44022
44058
44060
44062
44112
44203
44214
44241
44255
44273
55630
55632
55637
55649
55655
55668
55676
55678
55690
55693
55695
55700
55712
55714
55729
55728
55737
55740
55749
55768
55771
55774
55777
55788
55791
55794
55797
22109
22151
22170
22216
22268
22294
22353
22405
22460
22463
22578
22614
22650
22661
22676
22688
22694
22717
22776
22778
22785
22864
22898
22958
22975
23060
23090
55808
55814
55835
55840
55848
55854
55857
55869
55874
55877
55893
55899
55900
55920
55930
55933
55941
55952
55956
55962
55974
55976
55982
55988
56002
56009
56017
23094
19479
19482
19508
19592
19667
19685
19801
19821
19895
19912
19941
19981
19998
20016
20073
20301
20333
20373
20394
20440
20480
20496
20532
20555
20582
20634
56020
35699
56030
56038
56052
56070
56074
56080
56084
56087
56091
53606
56097
56099
56108
56115
56118
56120
56129
56133
56130
56137
56142
56151
56154
56157
56184
20681
20821
20823
20826
20852
20928
20947
20985
21080
21142
21145
21170
17592
17612
17661
17696
17820
17828
17868
17879
17908
17924
18003
18032
18069
18096
18149
56183
56186
56200
56203
56224
56230
56236
56241
56245
56248
56252
56261
56266
56275
56284
56298
56309
56313
56321
56331
56333
56336
39975
56346
56356
56359
56361
18161
18205
18277
18366
18381
18493
18521
18577
18659
18688
18692
18775
18785
18905
18972
18994
19007
19111
19221
19278
15783
15839
15876
15935
15967
15981
16026
56375
56386
56392
56395
56401
56404
56406
56412
56418
56419
56427
56432
56438
56450
56461
56464
56465
56468
56475
56478
56487
56495
56496
55574
56508
56511
56514
16146
16166
16179
16182
16208
16214
16230
16255
16413
16567
16645
16681
16712
16736
16744
16757
16767
16774
16814
16950
17037
17115
17127
17145
17156
17181
17191
56523
56526
56528
56532
56539
56542
56557
56559
56561
56567
56571
56574
56582
56583
56588
56595
55544
56598
56600
56603
56611
56613
56617
55543
56633
56642
56648
17207
17406
17470
17478
17506
17511
13984
13988
14002
14032
14147
14192
14301
14307
14323
14326
14329
14332
14432
14520
14609
14655
14793
14837
14871
14964
15042
56651
56660
56667
56644
55617
56673
56689
56696
56705
56706
56711
56718
56721
56723
56727
56736
56743
56756
56758
55548
56776
56779
56789
56791
56794
56798
56800
15092
13875
15152
15215
15229
15249
15309
15419
15423
15481
15569
15615
15647
15650
15666
15678
15749
12122
12129
12243
12312
12458
12512
12518
12540
12597
12618
56805
56806
56809
56816
56836
56843
56846
56628
56849
56854
56859
56869
56872
56876
56886
56892
56893
56896
56910
47018
56918
56920
56922
56925
40267
56936
56953
12705
12733
12735
12962
12992
13091
13110
13190
13221
13245
13264
13269
13331
13499
13533
13583
13600
13612
13676
13800
13826
13840
13849
13904
13908
13910
13921
26380
26393
26422
26482
26514
26520
26567
26591
26604
26641
23057
23061
23101
23125
23251
23379
23418
23468
23506
23572
23576
23753
23812
23842
23870
23875
23885
23948
24040
24050
24057
24106
24128
24162
24182
24338
24364
24405
24428
24431
24439
24453
24630
24717
21064
21135
21183
21280
21315
21332
21389
21427
21476
21510
21670
21675
21683
21688
21692
21758
21780
21812
21854
21973
22010
22019
22037
22058
22087
22101
22142
22214
21379
22271
22298
22327
22379
22431
22441
22480
22495
22551
22562
22623
22640
22684
22812
19109
19168
19178
19192
19234
19282
19308
19312
19332
19339
19387
19396
19433
19480
19491
19551
19554
19574
19730
19770
19830
19867
19907
19916
19939
19947
19960
19962
19972
20004
20127
20205
20254
20342
20417
20519
20618
20841
20847
20926
20948
17304
17307
17412
17444
17479
17517
17662
17669
17751
17897
17940
18026
18064
18128
18236
18306
18374
18481
18555
18558
18590
18766
18770
18772
18788
18846
18864
18923
18993
18998
19028
19048
19085
19091
15473
15479
15574
15610
15681
15803
15874
15902
16181
16206
16244
16391
16474
16487
16542
16585
16705
16725
16739
16759
16777
16832
16849
16892
16928
16934
16951
16972
17030
17217
17255
17261
13753
13777
13804
13858
13878
13948
14029
14094
14163
14273
14276
14305
14308
14319
14461
14601
14604
14683
14775
14812
14829
14832
14863
14982
15002
15163
15188
15203
15207
15267
15286
15373
15376
15390
12121
12147
12166
12186
12272
12292
12300
12475
12494
12664
12699
12736
12755
12767
12874
54200
54205
54213
54219
54221
54224
54227
54229
54239
50611
50614
50618
50624
50629
50637
50644
50647
50656
50659
50663
50665
50673
50677
50681
50690
50699
50701
53769
53770
53772
53776
53781
53784
53785
53790
53792
53798
38105
53811
53819
53824
53834
53838
53845
53851
53854
53856
53869
53874
53877
53880
53882
53884
53893
12914
12931
12937
12942
13014
13108
13250
13263
13303
13360
13390
13425
13440
13443
13465
13468
13555
13565
13572
13575
13607
13650
61435
61440
61443
61472
61475
50710
50717
50725
50729
50730
50738
50744
50748
50754
50757
50763
50766
50778
50775
50784
50792
41728
50798
50802
36907
50813
50820
50827
50833
50837
50845
50849
53897
53899
53902
53904
53907
53911
53914
53928
53933
53934
53937
53946
53949
53952
53917
53958
53970
53972
53976
53978
53985
53987
53992
54001
54006
54009
54017
61480
59640
59646
59657
59659
59662
59666
59680
59683
59687
59696
59698
59703
59705
59710
59713
59717
59716
59722
59738
59743
59746
59753
59763
59773
59775
59778
50855
50858
50861
50870
50873
50874
50892
50900
50898
50904
50912
50917
50919
50939
50941
50945
50949
50954
50956
50959
50961
50962
50972
50980
50992
50993
50995
54022
54026
54030
54033
54037
54047
54052
54069
54071
54074
54083
54088
54089
54102
54099
54112
54115
54119
54121
54125
54149
18907
54154
54159
54170
54182
54186
59781
59784
59792
59795
59799
59802
59808
59816
59821
59823
59834
59838
59840
59855
59859
59862
59864
59868
59877
59881
59886
59889
59898
59904
59909
59917
59922
51004
51013
51022
51030
51032
51035
51036
51038
51049
51051
51069
51071
51077
51085
51094
34018
51103
51115
51120
51122
51134
51143
51151
51154
51156
51157
51161
54189
54192
54197
54208
54212
54214
54223
54231
54247
54249
54251
54254
54258
54264
54266
54273
54284
54297
54299
54311
54315
54314
54320
54328
54331
54334
54341
59920
59937
59941
59951
59953
59964
59959
59967
59970
59973
59983
59986
59992
60001
60013
60023
60036
60043
60046
60049
60053
60056
60065
60076
60084
60089
60093
51163
51166
51173
51179
51180
51181
51185
51195
51199
51202
51205
51213
51216
51219
51225
51232
51238
51243
51246
51253
51256
51260
51265
51273
51276
51282
51285
54351
54355
54358
54360
54372
54373
54376
54379
54383
54394
54397
54400
47703
54416
54404
54424
54426
54433
54436
54439
54456
54452
54458
54460
54464
54476
54487
60096
60103
60106
60108
60118
60119
60132
60135
60138
60145
60150
60152
60156
60158
60140
60168
60171
60177
60180
60192
60194
60198
60201
60210
60213
60215
60185
51292
51295
51298
51301
51304
51314
51316
51320
51327
51336
51339
51342
51344
51357
51360
51368
51372
51375
51376
51380
51383
51390
51394
51397
51400
51404
51412
54490
54498
54506
54509
54518
54520
54524
54522
54529
54532
54545
54547
54549
54561
54566
54577
54576
54581
54600
54593
54605
54608
54619
54621
54624
54633
54638
60220
60227
60232
60238
60240
60243
60250
60254
60258
60261
60276
60272
60280
60287
60295
60314
60321
60324
60326
60342
60335
60365
60369
60384
60387
60389
60399
51416
51417
51423
51424
51431
51434
51440
51458
51460
51466
51474
51477
51481
51485
51488
51496
51498
51507
51515
51517
51520
51523
51526
51537
51544
51548
51550
54650
51057
51065
51068
51074
51087
51089
51102
51108
51111
51147
51144
51153
51146
51159
51168
51170
51178
51184
51183
51189
51201
51204
51210
51218
51221
51226
60401
60404
60411
39113
60427
60430
60432
60441
60454
60466
60469
60477
60490
60492
60496
60505
60507
60513
60518
60525
60526
60530
60533
60538
60542
60551
60557
51558
51563
51557
51577
51575
51585
51598
51602
51603
51606
51609
51624
51627
51629
32731
51641
51645
51648
51655
51658
51673
51676
51680
51683
51692
51698
51713
51240
51242
51245
51258
51262
51263
51267
51270
51277
51281
51284
51290
51300
51303
51311
51319
51331
24897
51346
51353
51356
51365
51377
51379
51382
51385
51403
56956
56959
56978
56934
56986
56991
56992
56997
57004
57008
57014
57017
57019
57025
57034
52102
53492
53494
53498
53505
53508
53510
33027
53515
53523
53526
53528
53534
53535
53545
53552
53554
53556
53561
53565
53583
53586
53589
53598
53608
53618
53621
53625
53629
53638
53639
53646
53648
53660
53663
53673
53678
53681
53693
53698
53704
53707
53709
53715
53721
53724
53725
53729
53730
53739
53741
53743
53755
53758
53762
53774
53778
53787
53789
53791
53797
53802
53809
53814
52337
53825
53830
53832
53837
53841
31082
53846
53857
53860
53861
53863
53870
53871
53879
53886
53889
53898
53901
53906
53939
53954
53960
53962
53967
53974
53979
53990
53991
53994
53999
54005
54011
54014
54021
54024
54035
54041
54043
54050
54054
54056
54059
54062
54068
54070
54073
54078
54080
54086
54091
54093
54098
54114
47052
54127
54128
54143
54148
54153
54152
54157
54169
54176
52340
54185
54188
54196
54199
54203
54211
54218
54228
54230
54233
54236
54245
54252
54253
54263
54268
54275
54276
46887
54296
54298
54303
54316
54318
54323
54326
54344
54347
54354
54359
54362
54365
54371
54375
54378
54386
54391
54399
54406
54408
54421
54438
54446
54450
54459
54463
54470
54485
54486
54489
54495
54503
54505
54507
54511
54514
54526
54528
54531
54537
54544
54541
54548
54551
54562
54567
54570
54573
54580
54586
54589
54592
58279
58289
58299
58301
58310
58327
58333
58355
58362
58377
58379
58382
58384
58400
58401
58404
58417
58418
58422
58424
58437
58439
58440
58443
58451
58455
58458
48152
48165
48168
48171
47957
48176
48187
48190
48196
48204
48210
48224
48229
48231
48239
48244
48251
48252
48257
48258
48271
48277
48280
48289
48293
48298
48301
58460
58468
58473
58475
58476
58487
58493
58499
58502
58513
58519
58520
58541
58544
58547
58555
58557
58561
58587
58591
58605
58613
52331
58617
58625
58630
58631
48310
48314
48316
48322
48335
48338
48341
48344
48348
48356
48360
48366
48368
48376
48382
48385
48388
48395
48399
48402
48407
48420
48422
48425
48428
48432
48444
58634
58650
58657
55578
58661
58665
58691
58696
58702
58716
58722
58725
58732
58737
47845
58744
58747
58749
58761
58762
58765
58764
58779
58782
58786
58804
58814
48447
48458
48465
48461
48470
48478
48485
48488
48491
48503
48507
48506
48512
48516
48524
48526
48529
48543
48546
48549
48552
48563
48566
48569
48575
48589
48592
58817
58818
58826
58846
58850
58857
58860
58871
58877
58879
58884
58894
58905
58910
58923
58925
58935
58946
58951
58954
58963
58965
58976
58987
58990
58997
59001
48596
48599
48609
48613
48615
48610
48625
48629
48632
48635
48638
48641
48650
48656
48659
48662
48672
48675
48684
36406
48693
48701
48704
48713
48716
48725
48728
59006
59011
59015
59025
59031
59036
21815
59076
59097
59109
59093
59123
59126
59129
59098
59138
59141
59152
59154
59156
59158
59168
26507
59185
59194
59204
59202
48732
48735
48738
37100
48748
48750
48753
48756
48764
48767
48770
48774
48776
48787
48791
32096
48796
48806
48805
48810
48813
48831
48731
48847
48850
48853
48861
59205
59208
59212
59216
59217
59226
59234
59245
59253
59256
59258
59261
59268
59271
59276
59279
59281
59287
59292
59302
59311
59312
59329
59331
58660
59350
59351
48864
48870
44338
48880
48883
48886
48892
48900
48904
48903
48909
48920
48924
48926
48929
48932
34550
48942
48948
48951
48954
48963
48968
48971
48974
48982
48985
59361
59366
59369
59382
59384
59387
59389
59402
59408
59410
59420
59422
59428
59431
59445
59462
59465
59467
59469
59473
59479
59484
59489
59497
59501
59504
59507
48993
49006
49008
49015
49018
45499
45524
45530
45555
45593
45616
45635
45650
45656
45691
45697
45746
45760
45775
45796
45798
45800
45821
45831
33665
45869
45873
59509
59513
59528
59531
59536
59537
59543
59561
59564
59571
59573
59583
59586
59597
59610
59618
59619
59634
59636
59642
59658
59665
59672
59675
59678
59681
59685
13097
45919
45941
45954
45959
45999
46005
46022
46023
46027
46031
46045
45003
46062
46064
46105
46111
46133
46155
46157
46179
46217
46241
46256
46278
46288
46291
52269
52273
52285
52283
52290
52293
52296
52304
52310
52345
52350
52353
52365
52371
52381
52384
52387
52393
52403
52404
52406
52410
52416
52420
52421
52424
52430
20958
21006
21027
21041
21047
21079
21131
20979
21215
17524
17536
17609
17617
17626
17681
17775
17783
17844
17876
17910
17938
18000
18034
18075
18079
18102
18185
52433
52436
52442
52445
52449
52451
52456
52462
52464
52468
52473
52475
52487
52489
52492
52499
52522
52530
52533
52536
52541
52540
52549
52556
52566
52573
52577
18269
18280
18285
18316
18410
18417
18438
18472
18480
18504
18543
18677
18779
18786
18825
18969
18990
18992
19045
19186
19228
15722
15744
15807
15822
15825
15872
52581
52584
52597
52600
52603
52609
52618
52607
52588
52629
52636
52638
52640
52651
52656
52662
52661
52666
52670
52679
52684
52687
52697
52699
52700
52709
52715
15886
15932
16031
16061
16098
16165
16210
16358
16375
16418
16430
16492
16500
16520
16529
16549
16560
16563
16650
16675
16755
16790
16837
16856
16871
16962
16983
52722
52731
52737
52747
52750
52755
52757
52758
52761
52321
52772
52777
52781
52783
52784
52788
52343
52796
52799
52810
52812
52821
52830
52833
52854
52867
52881
17007
17206
17294
17335
13868
13871
13933
14064
14138
14158
14250
14292
14298
14309
14526
14532
14600
14639
14714
14752
14773
14798
14942
14966
14992
15012
15350
52884
52890
52896
52899
52906
52909
52911
52913
52916
52919
52927
52925
52930
52933
52946
52950
52938
52965
52968
52978
52980
52982
52988
52994
53009
53014
53022
15360
15402
15405
15439
15471
15489
15512
15533
15556
15572
15661
12133
12157
12253
12391
12407
12474
12564
12572
12603
12611
12629
12638
12630
12784
12786
12857
53025
53028
53031
53037
53039
53048
53054
53074
53080
53082
53094
53098
53116
53119
53126
53133
53137
53140
53149
53152
53157
53159
50975
53173
53177
53176
53194
12889
12897
12927
12961
12976
13010
13040
13073
13146
13181
13248
13294
13296
13391
13451
13501
13534
13585
13601
13622
13628
13792
13825
53196
53206
53208
53212
53179
53223
53225
53229
53231
53235
53243
53246
53238
53266
53273
53279
53286
53289
53283
53292
52318
53300
53303
53305
53312
53321
53329
53332
53345
53350
53353
53360
53362
53366
53365
53372
53379
53381
53162
53387
53392
34909
53405
53411
53417
53420
53423
49501
53440
53447
53453
53458
53476
53479
59700
20378
51478
59711
59714
59718
59731
59735
56218
56221
56225
56231
56233
56238
56240
56251
56256
56268
56270
56273
56287
56290
56293
56296
56308
56310
56322
56328
56334
56339
56342
56349
56362
56376
56384
56390
56394
56397
56400
56402
56414
56416
56417
56424
56431
56434
56437
56442
56444
56452
56460
56466
56473
56488
56494
56497
56499
56503
56506
56513
56516
56524
48989
56536
56544
46902
56562
56565
56570
56573
56579
56586
56590
56602
56605
56620
56624
56632
56635
56647
56654
56664
56671
34837
56676
56691
56694
56697
56710
56713
56716
56726
56740
56746
56748
56750
56755
56757
56760
56761
56765
56773
56808
56817
56820
56822
56828
56845
56861
56864
56875
56874
56882
56884
56891
56900
56913
56852
56915
56927
56928
56930
56938
56940
56945
56949
56958
56962
56966
56970
56977
56981
56985
57003
57006
57011
57024
57032
57042
57052
57073
57075
57088
57093
57091
57103
57113
57124
57131
57140
55568
57149
57154
57156
57158
57165
57164
57175
57185
57187
57190
57193
57197
57205
57209
57210
57213
57223
57239
40028
57244
57255
57256
57259
57262
57265
57268
57285
57290
57295
57302
57314
57320
57321
57326
57329
57332
57335
57345
57350
57363
57366
57374
27053
57377
57380
57390
57397
31787
57402
57416
57420
57423
57431
57434
57436
57445
57449
57455
57464
57467
57470
57484
57487
57489
57491
58486
58495
58501
58504
58533
58538
58540
58554
58558
58576
58580
58586
58597
58614
58626
58644
58647
58656
58658
58662
58670
34987
58699
58701
58707
58712
58720
60565
60568
60572
60574
60578
60587
60590
60593
60597
60599
60609
60616
60618
60630
60634
60636
60639
60652
60651
60656
60664
60671
60673
60678
60682
60691
60681
51406
51411
51421
51422
51426
51428
51442
51447
51448
51459
51462
51465
51470
51480
51490
51493
51500
51504
51509
51519
51524
51525
51528
51532
51534
51547
51545
58727
58730
58735
58738
58753
58754
58763
58777
58780
58790
58796
58800
58815
58821
58824
58829
58837
58843
58856
58858
58866
58867
58872
58875
58881
58903
58917
60695
60710
60713
60716
60721
60737
60743
60745
60759
60761
60778
60784
60785
60800
60814
60816
60841
60851
60856
60861
60872
60871
60884
60897
60903
60901
60917
51552
51554
51564
51566
51572
51581
51586
51588
51591
51601
44493
51605
51615
51622
51625
51631
51642
51644
51647
51650
51638
51660
51662
51665
51668
51679
51682
58921
58924
58930
58933
58936
58943
58941
58949
58956
58960
22794
58977
58985
58988
58980
58995
59019
59022
59026
59033
59042
59049
59053
59056
59062
59064
59072
60919
60928
60941
60945
60960
60966
60969
60977
60987
60994
60998
61004
61017
61020
61025
61028
61031
61050
61059
61079
61083
61103
61104
61121
61131
61142
61162
51677
51686
51689
51697
51699
51702
51706
51708
51715
51720
51723
51739
51741
51744
51755
51758
51762
51766
51774
51777
51778
51783
51798
51801
51803
51807
51815
59077
59111
59110
59114
59102
59133
59136
59143
59150
34777
59171
59172
59091
59184
33637
59187
59201
55293
59206
55571
59214
59223
59227
59231
59238
59246
59257
61165
61189
61256
61299
61418
61421
57889
57890
57900
57902
57908
57914
57919
57924
57931
57932
57934
57937
57939
57951
57956
57959
57967
57974
57977
57980
57985
51818
51824
51826
51837
51840
51843
51846
51857
51863
51866
51869
51878
51883
51886
51893
51896
51897
51905
51906
51915
51918
51921
51925
51934
51935
51943
51946
59267
59274
59285
57894
59308
59314
59324
59334
59328
59343
59353
59356
59358
59365
59374
59377
59375
59381
59385
59393
59399
59400
59405
59414
59421
59424
59427
57988
57994
58009
58011
58016
58019
58033
58052
58061
58065
58069
58091
58100
58116
58119
58121
58141
58150
58153
58155
58158
58165
58171
58176
58179
58183
58188
51949
51959
51963
51966
51970
51976
51995
51997
52001
52014
52023
52026
52029
52037
52040
52043
17234
52047
45262
52058
52061
52063
52066
52068
52073
52075
52078
59434
59442
59444
59446
59460
59463
59478
59477
59483
59487
59495
59498
59502
59505
59516
59520
59521
59526
59533
59535
59539
59550
59553
35360
59557
59559
22175
58190
58197
58205
58208
58215
58218
58225
58236
58239
58243
58262
58264
58270
57497
58282
58293
58303
58309
58317
58321
58323
58332
58338
55542
33898
58366
58369
52086
52092
52095
52099
52107
52110
52116
52133
52137
52140
52143
52151
52157
52160
52163
52174
52179
52185
52193
52196
52202
30156
52218
52224
52237
52244
52248
59572
59574
59579
59589
59578
59596
59606
59608
59611
33354
59623
59628
59626
59632
59635
59645
59651
58055
59667
59671
59673
59679
59684
59689
59693
59697
59702
58380
58383
58386
58397
58405
58408
58410
58414
58420
58423
58427
58429
58421
58438
58445
58456
58463
58466
58470
58479
58482
58488
58491
58494
58506
58508
58526
52255
52266
52268
52272
52288
52299
52302
52305
52308
52346
52349
52351
52362
52366
52377
52380
52383
52386
52388
52397
52418
52422
52426
52431
52434
52440
52450
59706
59726
59744
59748
59747
59752
59754
59760
59783
59794
59806
59809
59815
59798
59827
59830
59833
59856
59869
59872
59880
59887
59891
59895
59902
59906
59911
58530
58534
58537
58545
58549
58552
58559
58562
58566
35711
58579
58582
58583
58589
58598
58599
58602
58606
58616
58619
58623
58635
58638
58646
58649
58652
58655
52454
52470
52472
52474
52480
52485
52490
52498
52501
52509
52513
52516
52526
52529
52534
52552
52554
52560
52563
52568
52575
52576
52587
52591
52594
52601
52604
46296
46321
46348
46364
46372
46393
46427
46434
46437
46450
46453
46479
46485
46492
46497
46514
46537
46542
30616
46581
46605
46638
46643
46655
30529
46673
46680
58669
58676
58683
58686
58689
58697
58700
58706
58710
58711
58714
58719
58721
58724
58729
58734
58739
58740
58745
58760
58769
58784
58789
58792
58803
58810
58212
46709
46724
46726
46736
46747
46764
46773
46783
46795
46798
46806
46817
46823
46826
46844
46847
46855
46859
46862
19953
46866
46875
46878
46886
29992
46898
46903
58819
58836
58845
58853
58855
58862
58865
58873
58876
58878
58889
58898
58906
58909
58916
58920
58927
58929
58938
58945
58948
58950
58953
58957
58959
58969
58970
37643
39982
46915
46921
46929
46933
46939
46945
46954
46971
38500
46977
46996
47004
47007
47012
47026
47029
47032
47033
47034
47042
47058
47060
47063
47079
47084
58974
58983
58986
58994
58999
52319
59003
59005
59017
59021
59030
59034
59039
59041
59048
59050
59073
59083
59087
59088
59104
59112
59113
59115
59117
59119
59120
47087
47089
33869
30819
47108
32452
47121
47124
47136
47138
29080
47142
47146
47153
47157
47161
47166
47175
47185
47191
47194
47199
47211
47210
47219
47222
47225
59135
59139
59142
59145
59160
59162
59167
59174
59188
59193
59199
59213
59221
59236
59244
59247
59249
59251
59252
59263
59265
59273
59282
59288
59289
59295
59299
47233
43609
43616
43763
43768
43776
43797
43809
24226
43867
43870
43877
43971
43982
43988
44002
44010
44026
44068
44088
44151
44204
44231
44258
44271
44292
44316
59305
59307
59309
59321
59337
59341
59354
59360
59364
59368
59371
59376
59388
59394
59404
59411
59423
59425
59430
59433
59436
59447
59450
59453
59457
59471
59475
44362
44368
44385
44454
44490
34357
44579
44607
44639
44684
44713
44716
44743
44745
44760
44801
44862
44914
44973
45002
45044
45047
45072
45077
45090
45108
45132
59476
59485
59486
59494
59503
59510
59515
59527
59530
59523
59534
59541
59544
59546
59558
59563
59567
59577
59582
59575
59599
59604
59607
59615
59621
59625
56083
45200
45203
39832
45247
45265
45271
45290
45336
45341
45346
45352
45368
45375
45380
45394
41804
41850
41859
41892
41930
41938
41982
42096
42111
42152
42192
41873
56100
56109
56128
56144
56147
56153
56170
56027
56182
56188
56193
56196
56212
56214
56220
56237
47218
56255
56258
56264
56269
56276
56278
56286
56295
56297
56299
42351
42369
42407
42432
42466
42511
42539
42548
42571
42590
42607
42620
42625
42745
42791
42817
42900
42923
42957
42980
43073
43076
43126
43133
43140
43212
43250
34307
56315
56323
56325
56330
56338
56341
56352
56354
56368
56373
56382
56383
56388
56396
56408
56409
56411
56420
56423
56428
56439
56441
56443
56459
56467
56469
44300
44317
44334
44371
44393
44419
44427
44431
44432
44465
44470
44491
44497
44523
44527
44529
44538
44547
44564
44594
44631
44634
44644
41039
41051
41071
41199
29517
29529
29602
29606
29610
29650
29656
29692
29722
29813
29842
29864
29921
29942
29971
29978
26364
26418
26434
26442
26464
26467
26552
26580
26586
26611
26638
39463
39478
39509
39517
39579
39607
39634
39653
39657
39694
24035
39752
39755
37435
39820
39877
39917
35801
38250
39951
39960
39961
39985
39993
40018
40048
40052
41209
41225
41283
41341
41371
41389
41395
41398
41430
41466
41492
41549
41652
41712
41797
41805
41843
41848
41893
13287
42044
42149
42151
42155
42196
42215
42225
26718
26775
26788
26851
26862
26865
26886
26947
26953
26956
26991
27110
27130
27154
27159
27295
27385
27393
27408
27432
27465
27472
27484
27533
27544
27547
27648
34495
34563
34570
34594
34629
34720
34735
34823
34866
34956
34970
34979
34991
34998
35023
35087
35151
35153
35155
35172
35265
35269
35289
35316
35333
35351
35421
42234
42237
42337
42352
42371
42390
42424
42456
42524
42608
42643
42755
42813
42832
39290
39303
39363
39415
27706
39426
39438
39446
39460
39464
39466
39503
39543
27664
27678
27707
27796
27812
27820
27834
27855
27893
27894
27896
27898
27995
28017
28150
24444
24473
24597
24600
24604
24643
24731
24743
24898
24920
24993
24997
35445
35465
35485
35587
32398
35646
35660
35662
35677
35680
35716
35726
35743
35755
35758
35772
35825
35844
35880
35894
35933
35940
35958
35966
35981
36018
36081
39547
39553
39558
39565
39670
39754
39790
39794
39798
39845
39879
39892
39905
39942
39968
40030
40040
40060
40213
40222
40301
40307
40386
40388
40437
34168
40535
25113
25206
25223
25309
25382
25409
25425
25477
25479
25532
25547
25562
25610
25642
25657
25781
25798
25801
25804
25846
25884
25897
25913
25931
25943
25973
26000
27431
36111
36172
36183
36193
36229
36238
36250
32606
32614
32649
32656
32661
32710
32803
32823
32858
32932
32978
33072
33107
33127
33146
33191
33231
33240
33272
40538
40555
36849
40601
40622
40654
40689
40856
40867
40891
40903
40964
40976
37524
37535
21831
37572
37593
37599
37612
37641
37684
37706
37709
37736
37768
37829
26014
26020
26079
26119
26121
26178
26258
22525
22546
22590
22603
22613
22617
22637
22771
22806
22813
22819
22831
22838
22987
23035
23055
23059
23116
23155
23169
33282
33323
33381
33463
33475
33556
33587
33600
33659
33667
33678
33681
33725
33749
33756
33785
33807
33850
33948
34068
34153
34156
34246
34252
34266
34275
34301
37873
37390
37921
37923
37958
37997
38019
38142
38150
38176
38240
38256
38276
38397
38446
38462
38484
38492
38497
38516
38520
38529
38531
38539
38562
38578
38579
23193
23260
23405
23435
23517
23609
23638
23689
23697
23829
23890
23931
23980
24008
24038
24117
24196
24223
24234
24297
24406
20636
20655
20820
20866
20877
20895
34347
34455
30781
30808
30827
30865
30891
30901
30910
30975
30980
31028
31085
31107
31183
31272
31273
31357
31416
31420
31432
31436
31476
31487
31510
31522
31524
38591
38677
38684
38709
38759
38770
38797
38811
38832
35697
38871
38883
38970
39019
39038
39077
39103
38249
39160
39177
39227
39241
35682
35731
35779
35807
35810
20916
21068
21116
21125
21157
21340
21346
21360
21444
21460
21506
21618
21753
21796
21850
21855
21898
21906
22079
22113
22205
22276
22350
22265
22456
22486
18784
31533
31551
31669
31673
31702
31760
31877
31919
31953
31974
31977
31994
32041
32062
32064
32093
32114
32144
32151
32166
32185
32209
32325
32342
32388
32423
32483
35834
35838
35879
35881
35899
35957
36093
36127
36133
36145
36176
36212
36256
14058
36297
36318
36328
36341
36363
36371
36374
36466
36474
36511
36522
36549
36678
12912
18838
18896
18920
18933
19061
19130
19132
19144
19273
19296
19302
19328
19362
19399
19448
19475
19486
19498
19506
19537
19546
19617
19642
19776
19874
19967
28805
28822
28907
28963
28995
28998
28103
29066
29093
29102
29107
29150
29170
29256
29343
29355
29433
29696
29791
29818
29877
29879
29905
29911
29955
29998
30005
57501
57508
57511
57517
57524
57528
57534
57481
57546
57552
57560
57562
57566
57572
57583
57590
57599
57607
51402
57613
57619
57611
57632
57638
57646
57650
57662
51716
51719
51728
51732
51734
51736
51738
51747
51751
51754
51756
51759
51761
51770
51772
51775
51779
51790
51794
51800
51813
51819
51825
51836
51839
51841
51844
57664
57668
55557
57673
38675
57687
57690
57692
57697
57705
57711
57713
57722
57726
57728
57731
57747
57757
57761
57766
57780
57791
57794
57805
57807
57809
57816
51853
51858
51865
51872
51873
31379
51881
51889
51891
51894
51900
51902
51910
51920
51922
51928
51931
51933
51936
51939
51940
51912
51953
51955
51961
51964
51972
57822
57821
57827
57829
57838
57844
57848
57855
57859
57863
57864
57867
57875
57880
57882
57886
57896
57898
57899
57915
57920
57926
57930
57933
57935
57938
57940
51980
51992
51994
51998
52002
52010
52015
52018
52032
52035
52038
52041
52052
52055
52057
52062
52069
52084
52090
52093
52103
52106
52108
52111
52114
52117
52146
57684
57954
57963
57966
57970
57971
57983
54393
54396
54405
54407
54410
54413
54419
54425
54428
54431
54434
47414
54442
54441
54453
54457
54462
54465
54469
54472
52152
52155
52165
52169
52177
52188
52191
52194
52197
52200
52209
52212
52213
52219
52228
52234
52236
52241
52256
52260
52263
52277
52280
52284
52294
52297
52300
54475
54488
54491
54494
54500
54510
54513
54523
54530
54538
54540
54550
54554
54564
54569
54572
54578
54583
54588
54599
54601
38199
54617
54627
54639
54645
54655
52303
52354
52360
52363
52372
52378
39907
52395
52398
52402
52411
48830
48833
48836
48839
48843
48846
48852
48866
48869
48872
48874
48888
48891
48894
48897
48906
54659
54661
54664
54669
54680
54685
54692
54697
54704
54712
54716
54718
54727
54735
54738
54744
54746
54755
54757
54748
54763
54766
54774
54777
54786
54798
54802
48908
48911
48914
48917
48928
48936
48939
48946
48955
48957
48959
48970
48973
48977
48979
48994
48998
49011
49013
49016
49019
49021
49028
49032
49035
49037
49041
54811
54818
54822
54829
54831
54839
54849
54862
54865
54864
54868
54881
54884
54887
54892
54895
54905
54908
54910
54923
54928
54936
54943
54942
54947
54958
54961
49049
49029
49054
49061
49069
49072
49075
49081
49084
49097
49093
49103
49111
49114
49117
49120
49123
49135
49138
49143
49145
49155
49158
49162
49166
49176
49182
54965
54963
54968
54977
54980
54982
54988
54995
55000
55002
55004
55009
55018
55020
55027
55026
55041
55046
31586
55059
55062
55065
55072
55089
55096
55103
55102
49195
49197
49199
49203
49220
49224
49227
49238
49245
49248
49251
49257
49260
49263
49278
49283
49289
49299
49302
49308
49310
49313
49320
49327
49332
49334
49336
53490
49977
49984
35692
50000
50003
50006
50009
49992
50014
50025
50029
50030
45790
50044
50052
50054
50064
50067
50068
50071
50074
50087
50093
50097
50100
50102
49339
49342
49350
49352
49356
49359
49362
49373
49382
49392
49397
49401
49418
49432
49435
49447
49450
49459
49463
49469
49475
49480
49481
49491
49494
49497
49500
50107
50012
50118
50121
50123
50126
50131
50142
50143
50141
50156
50160
50164
50177
50178
50181
50192
50194
50196
50199
50220
50225
50227
50231
50233
50235
50242
49502
49508
49510
49514
49517
49518
49528
49531
49533
49539
49540
27983
49557
49563
49566
49570
49578
49580
49583
49590
49592
49597
49600
49611
49613
49617
49620
50244
50254
50259
50266
45846
50279
50290
50293
50296
50304
50310
50314
50320
50324
50331
50337
50339
50348
50350
50354
50365
50367
50371
50373
50376
50379
50390
49623
49628
49632
49643
49631
49655
49664
49682
49684
49695
49702
49719
49720
49722
49726
49734
49737
49741
49760
49762
49778
49779
49783
49792
49795
49798
49804
50391
50393
50399
50403
50408
50419
50424
50427
50438
50442
50444
50271
50451
50452
50455
50467
50476
50483
50485
50499
50511
50517
50531
50533
50539
50543
50548
49808
49809
49813
49817
49824
49829
49833
49851
49853
49864
49856
49879
49882
49890
49896
49899
49901
49908
49911
49919
49927
49930
49934
49935
49937
49942
49944
50530
50555
50557
50563
50565
50568
50572
50583
50587
50590
50592
50600
50610
50615
50620
50623
50626
50633
50636
50640
50641
50652
50655
50667
50669
50670
50672
49952
49955
49966
49969
49971
49976
49979
49989
49993
49998
50004
50007
50011
50017
50020
50024
50031
50037
50045
50048
50059
50063
50066
50072
50079
50086
50089
50678
40497
50687
50689
50695
50708
50716
50721
50724
50733
50735
50737
50740
50746
50752
50756
50767
50770
50773
50777
50783
50793
50795
50801
50805
50812
50816
50096
50111
50117
50124
50128
50132
50138
34901
50147
50150
50154
50157
50171
23852
50179
50184
50186
50188
50191
50203
50205
50208
50217
50219
50232
50236
50239
50819
50822
50828
50832
50834
50835
50843
50848
50852
50859
50862
50866
50872
50878
50881
50884
50886
50896
50897
50908
50923
50927
50936
50938
50950
50963
50970
50241
50251
50253
50255
50258
50270
50274
50280
50286
50289
50295
50303
50307
50301
50322
50325
50328
50333
50341
50343
50346
50347
50355
50362
50364
50370
50377
45263
50974
50981
50984
50987
50989
19701
51001
51003
51007
51012
51014
51020
51024
51031
51039
51043
31785
51052
51055
51060
51059
51073
51079
51083
51084
51091
50380
50383
50389
50395
50409
50412
50418
50425
50428
50431
50440
50446
50450
50456
50460
50463
50477
50479
50482
50501
50502
50512
50513
50515
50527
50540
50545
55111
55121
55124
55130
55138
55148
55150
55163
55166
55169
55182
55185
55189
55191
55203
55206
55213
55216
55232
55236
55250
55256
55274
55279
55291
55294
55307
55314
55317
55328
55334
55337
55350
55356
55360
55369
55372
55376
55374
55396
55398
55368
55409
55412
55427
55429
55431
55442
55445
55461
55464
55467
55469
55475
55479
55483
55485
55497
55499
55503
55507
55509
55510
55523
55526
55531
55532
55264
55581
55559
55585
55595
55600
55603
55616
55622
55625
55634
55636
55640
55646
55657
55663
55569
55675
55677
55681
55687
55694
55699
55703
55705
55719
55722
55725
55736
55739
55745
55755
55776
55779
55785
55796
55799
55802
55813
55816
55821
55824
55834
55837
55842
55845
55856
55862
55879
55891
55898
55901
55908
55924
55927
55935
55937
55942
55947
55955
55958
55961
55978
55981
55992
56000
56014
56026
56047
56056
56069
56077
56086
56096
56094
56104
56113
56127
28149
56146
56148
56159
56162
56165
56168
56174
56177
56199
56209
56213
52599
52602
52605
52611
52613
52623
52626
52635
52639
52642
52644
52653
52655
52668
52672
52675
52677
52682
52688
52701
52706
52717
52720
52723
52728
52718
52734
52740
52746
52749
52753
52748
52333
52763
52768
52770
52771
52775
52786
52790
52793
52798
52805
52814
52820
52823
52826
52829
52832
52834
52836
52840
52848
52853
52856
52868
52870
52880
52883
56472
56474
56481
56492
56498
56500
56504
56507
56512
56515
56517
56521
56522
56533
56535
56538
56541
56546
56554
56578
56594
56596
56622
56625
56630
56636
56650
56652
56657
56666
56674
56669
56679
56678
56695
56704
56709
56715
56720
56728
56732
56744
56747
56752
56759
56762
56767
56777
56780
56785
56788
56801
56807
56812
56815
56821
56833
56835
56842
56848
56851
56863
56868
56871
56880
56883
56885
56894
56897
56901
56903
56906
56904
56917
56923
56926
56932
56944
56948
56954
56961
56971
56972
56976
56983
56988
56995
57005
57007
57023
57026
57027
57036
57040
57044
57047
24186
57055
57059
57061
57085
57089
57092
57097
57099
57102
57105
57108
57121
57123
57135
57137
57143
57128
57155
57157
57160
57169
57172
57184
57189
57192
46644
57201
57212
57215
57199
57234
57248
57252
57264
57267
57271
57275
57276
57279
57272
57287
57299
57300
57305
57310
57311
57323
57328
57331
55883
57347
57348
57351
57354
57357
57368
57370
57378
57382
57385
57396
57398
57401
57405
57418
36832
57432
57435
57440
57443
57451
57454
57459
57463
57472
57474
57477
57480
57486
57490
57493
57496
57504
57510
57515
57522
57523
57535
57538
57551
57554
57557
57565
57571
57582
57585
57587
57596
57598
57615
57618
57621
57624
57631
57637
57639
57667
57675
57678
57683
57689
57691
57694
57696
25325
57706
57708
57717
54598
