73522
73536
73538
73544
73555
73558
73561
73564
73579
73582
73584
73595
73598
73600
73610
69478
73626
73629
73633
73635
73642
73653
73657
69088
73673
73680
73700
73703
73709
73715
73733
73736
73741
73750
73757
73769
73838
73862
73888
73932
71370
71386
71393
71420
71424
71434
71446
71449
71454
71469
71472
71494
71514
71542
71547
71553
71559
71571
71579
71583
71586
71593
71597
71603
71625
71636
71642
71658
71660
71669
71671
71673
71681
71690
71689
71703
71704
71712
71715
71722
71724
71730
71733
71738
71740
71743
71760
71762
71775
71781
71784
71807
71810
71820
71824
71831
71844
71851
71866
71869
71885
71900
71902
71914
71920
71925
71928
71943
71946
71949
71971
71974
72012
72025
72033
72036
72047
72050
72067
72073
72096
72105
72117
72126
72129
72136
72140
72147
72150
72153
72168
72174
72192
72195
72198
72220
72231
72251
72259
72262
72281
72291
72303
72307
72317
72320
72337
72340
72343
72349
72358
72360
72371
72377
72381
72405
72417
72441
72443
72451
72455
72459
72463
72480
72500
72513
72514
72516
72517
72522
72525
72544
72546
72554
72561
72562
72580
72583
72586
72588
72599
70794
70803
70812
70814
70818
70819
70840
70848
70857
70871
70874
70942
70946
70949
70963
70962
70976
70979
70992
71006
71015
71017
71019
71028
71030
71046
71052
72489
72494
72512
72547
72553
72560
72577
72590
72600
72601
72603
72606
72608
72615
72617
72632
72637
72639
72649
72651
71057
72672
72675
72680
72683
72709
72725
71054
71055
71067
71074
71079
71089
71095
71098
71107
71113
71125
71129
71133
71134
71135
71142
71152
71155
71166
71176
71185
71203
71211
71213
71221
71234
71237
72733
72749
72768
72774
72783
72812
72815
72824
72832
72837
72843
72849
72855
72862
72885
72896
72899
72903
72918
72935
72956
72978
72982
72989
72996
72999
73002
71240
71250
71256
71282
71296
71300
71304
71306
71312
71315
71328
71332
71351
71365
71366
67735
67745
67758
67781
67876
67899
67903
67949
67964
67990
68024
68033
73011
73020
73022
73024
73026
73029
73013
71391
73056
73084
73103
73111
73112
73118
73121
73134
73146
73151
73165
73169
73174
73185
73179
73193
73207
73222
73235
68061
68142
68151
68158
68168
68199
68271
68488
68602
68650
68662
68687
68796
68804
68841
68871
68903
68906
68949
68967
68981
69092
69085
69135
69157
69177
69202
73256
73259
73262
73274
73284
73300
73310
73313
73321
73322
73333
73341
73370
73380
73386
73390
73407
73419
73447
73454
73457
73462
73468
73489
73498
73501
73515
69242
69258
69264
69266
69299
69302
69307
69322
69325
69335
69344
69365
69368
69393
69413
69421
69436
69452
69455
69499
69502
69505
69525
69534
69555
65973
66054
73526
73531
73545
73548
73567
73570
73576
73589
73601
73619
73625
73647
73650
73646
73664
73669
73692
73696
73712
73732
73742
73746
73761
73768
73773
73805
73822
66056
66092
66098
66101
66169
66267
66274
66292
66305
66347
66368
66395
66405
66440
66448
66451
66464
66489
66492
66495
66508
66539
66559
66578
66638
66670
66691
73828
73834
73874
73912
73934
70361
70368
70371
70374
70377
70388
70391
70403
70431
70433
70440
70443
70454
70222
70472
70475
70481
70483
64830
70496
70510
70516
66808
66828
66837
66851
66855
66873
66877
66898
66945
66948
66989
67095
67196
67202
67236
67248
67285
67302
67326
67386
67389
67391
67410
67422
66379
67488
67519
70544
70553
70556
70567
70578
70581
70584
70600
70603
70609
70618
70627
70648
70654
70668
70671
70673
68950
70684
70687
70690
70694
70729
70732
70747
70760
70768
67545
67555
67579
67595
67620
64189
64186
64190
64216
64257
64411
64419
64447
64468
64563
64592
64614
64627
64651
64699
64715
64719
64733
64878
64853
64834
64956
70772
70774
70779
70781
70789
70795
70802
70805
70844
70847
70850
70859
70861
70864
70873
70880
70908
70911
70931
68825
70978
70984
70987
71007
71012
71020
71033
73585
73596
73608
73614
73618
73620
73632
73656
73661
73662
67314
73679
73685
73694
73708
73714
73724
73727
73738
73740
73756
73762
73765
73786
73798
73800
73821
73823
73826
73829
73849
73858
73922
70435
70446
70486
70489
70492
70494
70505
70507
70511
70525
70528
70535
70538
70547
70550
70554
70562
70565
70573
70576
70579
70595
70598
70601
70612
70619
70622
70625
70646
70649
70660
70663
70669
70677
70685
70688
70697
70703
70710
70727
70730
70745
70763
70769
70771
70787
70790
70796
70799
70808
70811
70821
70823
70835
70842
70860
70865
70868
70903
70906
70909
70920
70936
70951
70958
70961
70973
70994
70996
71021
71024
71029
71031
71050
71066
71070
71076
71081
71088
71093
71100
71105
71115
71121
71128
71132
71141
71146
71150
71156
71164
71167
71174
71178
71187
71191
71205
71233
71239
71255
71262
71272
71295
71297
71299
71302
71307
71309
71320
71337
71342
71347
71352
71353
71356
71369
71372
71394
71398
71400
71406
71411
71422
71451
71455
71457
69080
71468
71471
71475
71488
71490
71491
71499
71504
71520
71525
71529
71538
71541
71544
71548
71552
71560
71561
71563
71570
71572
71585
71588
71617
71618
71620
71624
71632
71643
71645
71647
71651
71654
71659
71662
71666
71668
71679
71683
71692
71688
71694
71719
71729
71732
71734
71736
71750
71754
71758
71783
71788
71797
71799
71801
71803
71818
71822
71830
71850
71865
71871
71873
71877
71887
71894
71908
71913
71915
71917
71936
71951
71956
71959
71967
71985
71993
71997
71999
72014
72017
72034
72049
72051
72060
72079
72092
72102
72113
72116
72120
72123
72135
72138
72144
72165
72173
72177
72183
72186
72197
72203
72205
72217
72219
72222
72225
72228
72236
72239
72247
72258
68607
68620
68658
68661
68672
68703
68750
68767
68784
68829
68867
68883
68921
68926
68969
68972
68978
68983
68985
69007
69013
69104
69116
69153
69159
69170
69194
69224
69334
69337
69353
69370
69392
69395
69399
69403
69406
69409
69417
69420
69435
69438
69454
69461
69464
69481
69484
69495
69504
67570
69512
69514
69531
69539
69563
69571
69578
69581
69586
69588
69591
69599
69567
69627
69630
69631
69639
69642
69647
69661
69670
69677
69681
69685
69693
69696
69699
69706
69711
69720
69734
69750
69760
69763
69773
69779
69783
68038
69801
69804
69835
69838
69841
69844
69853
69856
69859
69881
69885
69895
69898
69904
69907
69924
69927
69939
69946
69968
69980
69986
69989
69992
70000
70003
70005
70008
70011
70033
70036
70039
70042
70044
70057
70059
70080
70084
70087
70098
70104
70116
70122
70125
70128
70131
70143
70162
70170
70173
70209
70215
70227
70237
70240
70269
70272
70275
70281
70284
70309
70312
70320
70339
70348
70351
70355
70365
70367
70383
70392
70413
63645
63725
63804
64056
64087
64100
63886
63909
64173
64185
64235
64276
64305
64334
64380
64381
64460
64516
64567
64626
64665
64707
64713
64738
64773
64787
64867
64890
64933
64877
64960
63052
63062
63094
63134
72607
72618
72623
72627
72655
72663
72666
72674
72689
72710
72721
72722
72729
72732
72748
72750
72752
72763
72770
72777
72791
72793
72798
72800
72817
72823
72829
72833
72850
72852
72854
72858
72865
72870
72877
72888
72895
72876
72909
72914
72916
72917
72922
72926
72929
72949
72963
72973
72986
72995
73012
73031
73039
73040
73041
73043
73062
73064
73066
73074
73077
73082
73087
73095
73106
73108
73114
73124
73130
73133
73142
73145
73150
73155
73164
73173
73182
73184
73186
73187
73195
73204
73206
73208
73210
73216
73219
73228
73230
73258
73278
72830
73315
73325
73328
73349
73351
73353
71755
73399
73411
73416
73418
73430
73443
73446
63889
73449
73452
73455
73460
73464
73475
73478
73494
73502
73506
73528
73534
73537
73539
73554
73572
69124
73606
73634
73652
73654
73658
73670
73671
73678
73690
73695
73701
73704
73731
73745
73751
73754
73766
73770
73774
73776
73796
73807
73816
73820
73827
73833
73852
73872
73878
73903
73914
70720
70723
70734
70741
70744
70762
70765
70773
70777
70780
70785
70797
70801
70804
70810
70815
70822
70830
70832
70843
70855
70866
70877
70907
70919
70927
69416
69419
69426
69430
69434
69442
69446
69456
69500
69503
69506
69513
69076
69519
69523
69549
69556
69560
69569
69573
69575
69582
69589
69592
69595
69611
69614
69620
69632
69635
69638
69641
69651
69654
69657
69660
69671
69676
69678
69692
69695
69704
69712
69718
69724
69727
69742
69749
69752
69761
69764
69767
69784
69792
69795
69802
69805
69808
69811
69824
69842
69846
69849
69852
69863
69871
69882
69888
69891
69897
69905
65432
69910
69931
69943
69952
69955
69966
69975
69982
69990
70002
70009
70012
70015
70021
70029
70032
70040
70052
70056
70067
70070
70073
70076
70089
70097
70108
70112
70118
70129
67952
70141
70152
70158
70161
70171
70181
70192
70204
70207
70216
70223
70229
70241
70244
70262
70268
70271
70280
70294
70298
70301
70304
70308
70356
70364
70373
70382
70393
70399
70405
70409
70417
70424
70442
70449
63973
70466
70474
70477
69071
70488
70498
70501
70504
70508
70518
70539
70546
70563
70566
70583
70586
70602
70605
70611
70614
70629
70632
70640
70647
70650
70656
70659
70667
70674
70676
70686
70689
70692
70712
67073
67092
67109
67134
67137
67139
67174
67177
67218
67235
67269
67274
67279
67294
67318
67340
67358
67367
67376
67384
67417
67420
67428
67486
67515
67598
67616
67634
67661
67673
67680
67685
67699
67724
67737
67766
67773
67783
67796
67798
67803
67857
67880
67892
67898
67978
67983
68005
68011
68051
68097
68134
68174
68180
68190
63865
68316
68372
68456
68586
68611
68634
68652
68668
68704
68835
68853
65382
65400
65416
65431
65441
65456
65475
65665
65674
65707
65706
65738
65791
65828
65906
65911
65929
65999
66075
66097
66112
66135
66153
66167
66175
66194
66211
66214
66246
66288
66316
66318
66333
66346
66389
66423
66426
66435
66439
66459
66550
66625
66659
66698
66787
66849
66906
66912
66932
66946
66952
66962
66991
63536
63553
63568
63583
63632
63644
63720
63767
63834
63985
64030
64002
64027
64064
64082
64091
64149
64247
64311
64372
64444
64484
64499
64517
64520
64594
64666
64676
64708
64932
64934
64893
64838
64959
64967
64982
64985
65000
65008
65131
65182
65248
65251
63072
63106
63112
63123
63138
63203
63254
63268
63383
63392
72620
71209
72631
72640
72644
72654
72669
72676
72692
72694
72705
72718
65698
72724
72731
72735
72737
72740
72757
72758
72775
72786
72799
72822
72826
72831
72836
72839
72844
72856
72881
72897
72906
72913
72915
72937
72942
72944
72945
72948
72975
72981
72994
73017
73050
73051
73059
73063
73075
73086
73089
73100
73113
73137
73147
73159
73171
73177
73202
73225
73237
73253
73260
73263
69561
69576
69584
69594
69617
69619
69625
69634
69637
69347
69662
69675
69680
69682
69688
69694
69715
69723
69726
69733
69736
69748
69751
69754
69769
69774
69788
69789
69799
69810
69819
69834
69836
69839
69848
69851
69867
69870
69872
69879
69887
69890
69893
69899
69909
69913
69930
69935
69951
69954
69957
69971
69974
69977
69995
69998
70001
70004
70006
70020
70028
70031
70034
70037
70048
70058
70072
70075
70078
70094
70096
73507
73509
73516
73519
70099
70114
70138
70140
70147
70154
70157
70168
70183
70200
70203
70213
70221
70228
70232
70252
70256
70264
70277
70282
70287
70291
70306
70310
70313
70316
70322
70325
70329
70341
70346
70362
68267
70370
70378
70381
70384
70390
70398
70408
70414
70423
70447
70465
70468
70490
70491
70500
70506
70520
70523
70542
70548
70561
70571
70577
70588
70599
70607
70610
70620
70628
70631
70635
70638
70652
70658
70672
70675
70678
70681
70701
70704
70715
70722
70725
70743
70761
70764
70767
70782
70416
66820
66840
66919
66957
67013
67020
67031
67034
67043
67057
67102
67170
67188
67228
67271
67282
67306
67307
67332
67371
67439
67448
67474
67482
67512
67517
70940
70947
70970
70974
70977
70980
70998
71002
71010
71016
71037
71048
71072
71075
71085
71086
71091
71096
71102
71104
71109
71122
71130
71131
71136
71139
71149
67558
67578
67602
67683
67713
67721
67733
67752
67763
67772
67827
67841
67863
67865
67884
67902
67905
67922
68040
68341
68345
68350
68384
68453
68511
68570
65025
71161
71163
64015
71177
71180
71198
71201
71204
71214
71219
71220
71228
71232
71238
71246
71247
71254
71258
71273
71286
71290
71292
71308
71310
71313
71316
71329
65049
65134
65171
65192
65261
65278
65307
65310
65312
65336
65381
65388
65435
65449
65459
65469
65495
65505
65528
65558
65557
65627
65695
65777
65840
65853
65876
71338
71368
71376
71378
71388
71397
71401
71403
71413
71417
71431
71440
71450
71463
71467
71465
71470
71476
71479
71484
71492
71515
71521
71545
71549
71569
71573
65903
65946
66003
66006
66022
66037
66042
66063
66041
66156
66198
66212
66252
66259
66276
66280
66296
66325
66345
66367
66413
66512
66535
66543
66563
66590
66595
71580
71589
71592
71601
71604
71606
71608
71611
71615
71622
71631
71641
71667
71682
71699
71708
71728
71742
71756
71764
71773
71786
71815
71823
71829
71832
71841
66626
66637
66690
66716
66758
63280
63287
63341
63382
63414
63527
63546
63611
63625
63719
63753
63783
63803
63840
63930
63964
63998
64012
63950
64174
64171
64193
71858
71864
71867
71800
71875
71886
71898
71916
71918
71948
71969
71976
71983
71986
71995
72010
71953
72028
72031
72039
72042
72058
72065
72068
72074
72087
72091
64213
64237
64240
64263
64270
64302
64307
64324
64335
64384
64395
64398
64417
64489
64498
64501
64550
64571
64588
64593
64601
64599
64640
64642
64659
64680
64740
72100
72103
72106
72109
72121
72127
72142
72145
72154
72166
72171
72175
72184
72190
72193
72212
72226
72235
72248
72254
72268
72271
72279
72289
72292
72295
72310
64926
64868
64957
64819
63031
63055
63107
63171
63184
63202
63208
63212
63243
72162
72167
72170
72178
72188
72191
72199
72202
72208
72210
72214
72221
72224
72227
72338
72353
72356
72374
72380
72382
72386
72403
72420
72421
72423
72446
72467
72476
72477
72493
72495
72502
72506
72508
72511
72520
72538
72550
72552
72555
72566
72233
72241
71412
72260
72266
72272
72290
72306
72316
72336
72366
72375
72378
72384
72387
72394
72398
72401
72409
72418
72424
72435
72444
72447
72449
72457
72479
72565
72579
72592
72595
72596
72602
68872
67147
68955
68975
69003
69006
69035
69043
69047
69112
69149
69183
69204
69237
69240
69265
69338
69345
69363
69382
69412
71051
71053
71058
71062
71069
71063
71073
71077
71080
71101
71110
71126
71143
71147
71151
71153
71159
71172
71175
71186
71192
71197
71212
71223
71226
71229
71235
71252
71257
71263
71267
71270
71278
71279
71305
71301
71311
71314
71325
71327
71344
71349
71355
71361
71371
71375
71373
71288
71385
71390
71396
71404
71418
71427
71436
71438
71443
71447
71453
71456
71478
71495
71498
71505
71511
71522
71523
71528
71531
71533
71540
71535
71550
71558
71564
71568
71578
71587
71591
71595
71623
71630
71653
71672
71675
71677
71685
71698
71711
71714
69377
71721
71723
71741
71749
71753
71771
71774
71782
71787
71795
71805
71811
71813
71828
71789
71843
71859
71878
71881
71893
71899
71909
71930
71933
71945
71954
71955
71964
71966
71970
71979
71984
71987
71996
71998
72001
72005
72008
72020
72026
72040
72045
72056
72066
72062
72078
72081
72084
72094
72097
72101
72114
72118
72122
72128
72139
72143
72159
68559
68580
68592
68665
68674
68678
68694
68708
68734
68739
68741
68770
68788
68854
68930
68976
69049
69068
69089
69091
69094
69119
69162
69165
69182
69191
69196
69203
69209
69235
69249
69272
69289
69295
69311
69324
69346
69367
69386
69408
69414
69427
69437
69448
69486
69491
69508
69526
69520
69536
69542
69545
69551
69568
69570
69585
69590
69593
69596
69612
69615
69624
69633
69649
69655
69667
69669
64965
65030
65068
65127
64919
65156
65180
65255
65267
65306
65299
65377
64133
65425
65445
65448
65460
65467
65515
65581
65607
65608
65632
65641
65642
64077
65670
65673
65681
65724
65768
65762
65788
65882
65913
65916
65923
65930
65933
63042
63074
63114
63223
63260
63307
63361
63405
63424
63446
63498
63529
63588
63668
63751
63775
63800
63811
64037
64045
64052
64046
64080
64167
72286
72299
72312
72322
72334
72351
64128
72363
72367
72370
72376
72393
72397
72404
72407
72412
72419
72429
72438
72440
72445
72448
72465
72469
72488
72496
72503
72507
72301
72527
72542
72545
72568
72575
72587
72589
72591
72604
72611
72613
72628
72630
72633
72656
72658
72670
72673
72681
72688
72700
72707
72720
72753
72755
72767
72778
72787
72795
72801
72809
72811
72821
72834
72842
72857
72883
72887
72890
72905
72907
72928
72933
72934
72953
72955
72962
72966
72967
72972
72980
72997
73008
67086
73015
73023
73030
73038
73048
73049
73055
73057
73060
73069
73073
73081
73092
73105
73116
73119
73120
73148
73149
73156
73158
73172
73176
73181
73188
73200
73214
73220
73250
73271
73282
73287
73301
73314
73350
73355
73367
73374
73379
73388
73391
73394
73397
73400
73403
73414
73415
73421
73427
73434
73445
73453
73456
73466
73471
73483
73487
73493
66452
73513
73521
73533
73540
73543
73549
73566
73568
73571
73578
73583
69674
69683
69684
69687
69690
69703
65690
69713
69716
69737
69740
69747
69755
69758
69768
69771
69778
69782
69785
69809
69817
69820
69840
69858
69864
69869
69883
69886
69900
69906
69908
69920
69940
69947
69953
69961
69964
69967
69970
69973
69976
69988
69994
70010
70022
70041
70047
70060
70062
70065
70071
70086
70090
70106
70109
70130
70145
70156
70165
70169
70172
70190
70193
70196
70199
70211
70217
70220
70224
70233
70239
70257
70263
70266
70278
70286
70292
70302
70305
70317
70321
70326
70337
66751
66761
66785
63895
66835
66844
66860
66904
66924
66974
67041
67069
67072
67107
67168
67186
67190
67203
67209
67212
67331
67333
67335
67353
67360
67370
67402
67416
67430
67445
67481
67504
67531
67580
67593
67606
67609
67628
67643
67675
67687
67712
67727
67729
67808
67814
67833
67835
67845
67848
67856
67887
67901
67907
67937
67999
68006
68014
68062
68083
68086
68130
68135
68354
68363
68381
68387
67585
68414
64842
65118
65133
65148
65166
65212
65231
65333
65520
65530
65535
65543
65548
65570
65621
65643
65651
65699
65751
65757
65842
65854
65864
65890
65904
65915
65922
64021
66002
66045
66060
66065
66091
66100
66141
66144
66150
66151
66186
66205
66253
66258
66270
66304
66336
66341
66422
66473
66523
66545
66603
66639
66663
66705
63194
63453
63455
63461
63476
63479
63558
63562
63579
63609
73283
73291
73297
73323
73327
73371
73375
73382
73384
73304
73395
73408
73422
73429
73438
73451
73467
73470
73482
73486
