29920
29922
29928
29932
29937
29945
29957
29959
29960
29987
29999
30033
30046
30076
30078
30094
30099
30125
30153
30158
30160
30173
30178
30193
30199
30225
30263
30277
30284
30286
30290
30306
30336
30340
30357
30367
30363
30379
21910
30405
30412
30418
30420
30433
30435
30437
30449
30451
30462
30470
30498
30509
30526
30535
30540
30544
30569
30575
30578
30586
30619
30639
30642
30665
30679
30682
30683
26869
26979
27001
27067
27128
27208
27226
27302
27437
27562
27622
27629
27685
27693
27744
27764
27835
27837
27921
27950
28114
28260
28365
28414
28523
28531
28588
28591
28597
28609
28635
28720
28737
28751
28783
28788
25155
25190
25320
25533
25794
25888
25909
25980
26157
26187
26205
26249
26335
26342
26492
26601
26645
26776
26843
23592
23735
23828
23845
24009
24043
24047
24252
24340
24724
21504
21633
21762
22138
22368
22532
22554
22639
22701
22715
23042
23071
23135
19340
19708
19740
18226
20475
20715
17494
17623
17936
18148
18165
18663
18674
18690
18711
18870
19008
15787
15866
15963
15983
16137
16335
16771
16839
17129
17186
13857
13999
14036
14113
14183
14784
15088
15338
15386
12666
13038
13112
13526
24121
24383
20854
21074
21156
21231
21537
21967
21995
22009
22050
22059
20683
22239
22342
22403
19619
19822
20037
20285
20325
20489
20506
17006
17222
17236
17346
17805
17865
18098
18326
18458
18580
15186
15494
15985
16136
16156
16691
16792
16862
13500
14099
14893
14968
12480
12520
13006
13120
32462
32464
32473
32479
32487
32504
32528
32541
32549
32556
32559
32562
32565
32573
32582
32605
32613
32619
32621
32633
32639
32642
32651
32664
27146
32713
32733
32743
32755
32778
32780
32788
32799
32800
32804
32824
32826
32838
32854
32906
32908
32919
32927
32934
32938
32965
32968
32974
33008
33035
33054
33066
33081
33109
33118
33147
33152
33215
33220
33221
33224
33228
33234
33237
33255
33258
33273
33278
33283
33287
33316
33318
33349
33362
33373
33378
33386
33396
33406
33407
33412
33425
33428
33459
33465
33468
33470
33476
33499
33501
33517
33520
33533
33541
33546
33549
33555
33563
33568
33622
33625
33628
33641
33644
33651
33654
33672
33682
29321
33696
33699
33705
33712
33716
33744
33748
33766
33784
33798
33831
33838
33844
33847
33861
33863
33888
32948
33959
33985
33991
33994
33998
34019
34024
34045
34078
34087
30501
30505
30520
30558
30587
30604
30626
30632
30666
30670
30694
30734
30752
30756
30767
30771
30779
30805
30807
30811
30831
30846
30864
30878
30885
30890
30895
30906
30912
30923
31385
31392
31399
31400
31403
31414
31447
31456
31466
31478
31480
31485
31489
31506
31521
31523
31528
31535
31541
31548
31552
31583
31590
31606
31609
31622
31630
31641
31648
31664
31675
31677
31696
31728
31730
31734
31753
31765
31792
31798
31802
31828
31834
31839
28204
28245
28268
28380
28382
28397
28424
28435
28460
28582
28642
28663
28685
28691
28728
28756
28780
28836
28857
28898
28962
29004
29025
29043
29050
29078
29084
29106
29127
29137
29145
29152
29161
29169
29172
29178
29197
29205
29213
29216
29234
29242
29247
29267
29282
29283
29308
29317
29324
29330
29358
29371
29385
29405
29441
29452
29463
29485
29489
29504
29506
29507
29511
29515
29526
29544
29550
29556
29608
29627
29637
29641
29642
29653
29668
29677
29680
29683
29705
29712
29718
21328
29758
29759
29761
29763
29766
29771
29772
29775
29787
29823
29826
29834
29836
29859
29867
29880
29884
29888
29896
29903
29907
29935
29940
29944
29963
29969
29984
29988
29990
26631
26651
26737
26791
26854
26892
27106
27115
27187
27247
27424
27561
27577
26362
27653
27661
27725
27728
27729
27748
27782
27799
27814
27816
27920
27924
27926
27937
27942
27952
27979
28072
24479
24567
24628
24867
25085
25316
25462
25636
25737
25771
25976
26058
26066
26098
26182
26322
26333
26343
22634
22943
23004
23039
23191
23224
23564
23625
23772
24024
24077
32874
32899
32937
32946
32949
32955
32966
32969
32972
32975
32984
33012
33041
33043
33046
33048
33082
33110
33115
33117
33123
33149
33165
33167
33180
33184
33195
33200
33219
33223
33229
33235
33257
33293
33297
33302
33312
33326
33329
33339
33340
33345
33346
33375
33385
33395
33398
22779
33408
33410
33296
33450
33471
33486
33526
33535
33560
33564
33580
33582
33586
33605
33613
33661
33662
33666
33691
33697
33706
33739
31571
30013
30015
30020
30030
30040
30050
30051
30056
30071
30073
30079
30085
30104
30106
30117
30121
30129
30138
29832
26037
30163
30179
30183
30189
30192
30206
30212
30215
30218
30226
30236
30241
30251
30273
30289
30298
30345
30350
30362
30366
30369
30374
30392
30395
30400
30406
30411
30416
30423
30438
30442
30457
30461
30466
30469
30477
30479
30482
30489
30495
30503
30525
30530
30536
30556
30559
30583
30594
30606
30618
30638
30641
30644
30688
30691
30695
30709
30712
30715
30720
30132
30731
30733
30758
30761
30770
30791
30813
30814
30822
30591
30839
30845
30858
30868
30888
30898
30907
29508
30922
30927
30939
30948
30977
30979
30982
30983
28012
31000
31023
31029
31047
31050
31054
31068
31084
31093
31113
31131
31139
31159
31174
31176
31181
31187
31189
31216
31221
31226
31268
31285
31291
31296
31295
31297
31312
31321
31330
31334
31337
31343
31351
31365
31368
31369
33776
33779
33782
33793
33799
30950
30952
30959
30971
30994
31016
31022
31034
31061
31066
31077
31080
31097
31103
31115
31142
31156
31168
31175
31178
31195
31201
31230
31240
31242
31246
31256
31261
31271
31284
31326
31333
31339
31341
31355
31364
31372
31394
31405
31423
31473
31481
31484
31504
31517
31572
31593
31615
31620
31633
31637
31695
31556
20552
31714
31731
31755
31759
31805
31816
31824
31836
31842
31840
31860
31867
31869
31879
31882
31888
31857
31918
31920
31938
31947
31952
31958
31973
31976
31985
32008
32014
32018
32027
32050
32039
32061
32067
32085
30735
32108
32116
32106
32132
32152
32162
32173
32176
32183
32188
32215
32232
32242
32258
32267
32276
32279
32294
32297
32304
32314
32323
32331
32338
32349
32352
32356
32397
32459
28548
28593
28620
28652
28667
28716
28736
28827
28853
28863
28873
28900
28903
28964
28981
29045
29056
29062
29079
29083
29112
29125
29144
29159
29196
29223
29232
29235
29293
29295
29323
29356
29366
29421
29429
29445
29490
29486
29500
29510
29519
29528
29531
29535
29588
29600
29613
29623
28931
26189
29645
27224
29667
29682
29685
29715
29721
29749
29767
29769
29786
29789
29802
29825
29838
29841
29876
29898
29904
29914
29917
29964
29974
29977
29983
29994
30004
30009
30025
30031
30043
30045
30055
30058
30060
30070
30087
30089
30102
30113
30116
30119
30137
30143
30146
30149
30157
31236
31266
31293
31298
31299
31311
31336
31340
31352
31358
31360
31367
31375
31382
31393
31404
31407
31448
31454
31486
31498
31500
31507
31509
31529
31534
31537
31542
31567
31576
31582
31592
31610
31616
31627
31629
31646
31652
31668
31674
31679
31681
31710
31717
31727
31745
31757
31761
31806
31820
31864
31874
31893
31911
31922
31925
31951
31975
31990
31996
31999
32013
32030
32033
32042
32094
32113
32131
32138
32155
32161
32184
32195
32198
32229
32238
24555
32272
32281
32286
31829
32311
32317
32320
32333
32337
32339
32343
32351
32386
32441
32477
32498
32509
32514
32524
32526
32530
32538
32545
32548
32558
32561
32597
32604
32631
32635
32650
32657
32659
32671
32689
32693
32695
32697
32699
32706
32729
32745
32747
32751
32760
32770
32775
32779
32783
32785
32793
32798
32813
32815
32825
32829
32830
32841
32866
32903
32905
32936
32940
32942
32970
32973
32976
32979
32993
33002
33007
33013
25177
33042
33073
33089
33102
33116
33139
33142
33151
33166
33171
33187
33194
33206
33217
33247
33253
33256
33259
33292
33295
33305
33309
33313
33325
33328
33347
33363
33369
33404
33414
33419
33432
33446
33503
33507
33524
33527
33538
20046
33550
33557
33559
33570
33592
33598
33601
33624
33633
33636
33649
33663
33685
33689
33698
33704
23557
33720
33729
33740
33751
33802
33809
33812
33836
33870
33873
33895
33914
33922
33930
33943
33953
33957
33962
33976
34023
34026
33213
28807
28818
28845
28865
28870
28987
29038
29061
29064
29082
29105
29136
29143
29147
29151
26858
23132
23505
23820
16327
24191
24468
21823
21834
22473
22505
22582
22588
22612
22860
22875
22968
23103
19484
19709
19726
19792
20106
20164
20257
20295
20323
24352
29193
29203
29206
29231
29237
29289
29296
29305
29318
29322
29328
29345
29353
29367
29372
29374
29388
29389
29391
29410
29416
29442
29448
29449
29451
29453
20355
20632
20867
20998
21018
21092
21127
18104
18127
18359
18486
18516
18745
19226
19229
19338
15826
15898
17074
17266
17467
17484
14015
14266
14399
14615
14828
29464
29466
29496
29530
29547
29553
29555
29558
29570
29574
29580
29586
29601
29611
29633
29639
29649
29662
29678
29687
29708
29714
29724
29735
29750
29751
29762
15183
15206
15384
12328
12636
12829
12831
12890
12900
13286
13389
32622
32625
32626
32628
32637
32640
32643
32658
32692
32701
32717
32719
32721
32728
32730
32744
29780
29779
29844
29853
29855
29861
29863
29870
29878
29887
29891
29894
29897
29901
29930
29943
26750
29962
29965
29923
29973
29985
29993
29997
30029
30037
30049
32757
32769
32774
32776
32784
32789
32797
32821
32828
32835
32861
32585
32871
32897
32912
32915
32918
32935
32950
32953
32964
32981
32985
32988
32997
33011
33018
30065
30069
30028
30086
30092
30095
30107
30123
30148
30165
30181
30188
30197
30208
30233
30234
30238
30242
30257
30260
30264
30288
30300
21241
30305
30308
30316
33028
33036
33038
33057
33075
33093
33100
33103
33124
33133
33150
33153
33161
33173
33175
33181
33196
33212
33261
33317
33357
33374
33413
33421
33431
33437
33441
30319
30322
30328
30329
30333
30335
30373
30381
30389
30399
30414
30415
30434
30448
30460
30473
30487
30507
30518
30551
30554
30570
30581
30584
30605
24097
30612
33442
33461
33496
33498
33510
33514
33543
33573
33590
33635
33652
33655
33656
33673
33695
33703
30342
33711
33714
33728
33731
33734
33745
33753
33747
33774
33789
26925
26969
27003
27019
27116
27120
27156
27273
27333
27403
27482
27670
27696
27715
27792
27823
27831
27845
27852
27863
27964
28009
28045
28067
28187
28191
28231
33791
33797
33806
33811
33821
33832
33834
33840
18276
33855
33857
33872
33902
33924
33936
33939
33956
33964
33970
33973
34003
34010
34050
30703
30705
30707
30719
28273
28310
28368
28479
28540
28568
22792
28639
28311
28792
25194
25249
25045
25550
25646
25722
25751
25852
25879
26056
26068
26253
26307
26321
26576
26602
26635
30774
30797
30810
30818
30825
30829
30837
30856
30872
30873
30889
30893
30900
30909
30930
30936
30942
30961
30966
30993
30997
31010
31013
31037
31041
31059
31074
31079
31091
31119
31123
31138
31144
31158
31188
31198
31206
31212
31220
31238
31239
31257
31287
31292
31306
31310
31313
31325
31329
31363
31377
31384
31386
31401
31409
31411
31451
31459
31444
31472
31495
31501
31520
31525
31527
31539
31545
31550
31581
31588
31604
31619
31640
31644
31658
31666
31676
31684
31687
31694
31716
31740
31772
31788
31791
31768
31832
31835
31848
31856
31868
31873
31876
31898
31913
31917
31926
31935
31937
31940
31943
31941
31959
31984
31998
32007
32017
32022
32046
32057
32059
32077
32083
32086
32097
32100
32103
32107
32142
32169
32182
32207
32220
32222
32227
32236
32254
32278
32285
32288
32315
32336
32345
32348
32359
32369
32371
32401
32404
32408
32465
32480
32490
32497
32518
32534
32550
32576
32581
32599
28872
28932
28955
28959
28983
29005
29022
29034
29071
29119
29124
29135
29139
29148
29156
29164
29173
29187
29189
29222
29236
29246
29249
29270
29275
29278
29288
29291
29297
29309
29332
29349
29357
29359
29365
29364
29369
29370
29376
29378
29400
26568
29407
29415
29418
29425
29437
29446
29412
29455
29465
29483
29491
29493
29498
29501
29513
29521
29533
29538
29552
29554
29576
29590
29617
29624
29640
29636
29644
29646
29648
29651
29657
29666
29679
29689
29706
29733
29734
29737
29744
29755
29764
29778
29781
29816
29819
29824
29860
29862
29883
29893
29900
30167
30170
30177
30180
30182
30194
30198
30214
30217
30228
30240
30268
30270
30275
30279
30297
30302
30312
30314
30323
30326
30334
30344
30348
30361
30383
30385
30388
30391
30394
30397
30417
30426
30430
30444
30446
30472
30485
26917
26993
27046
27127
27359
27410
27418
27434
27474
27537
27570
27576
27615
27700
27709
27765
27786
27801
27846
27864
27902
27923
27945
27982
27994
28065
28154
28190
28309
28328
28331
28353
28391
28425
28457
25049
25059
25225
25478
25603
25790
25826
25848
25935
26114
26148
26174
26201
26209
26432
26521
26531
26633
22867
22989
23044
23157
23168
23286
23289
23550
23738
23855
24341
24374
24446
24551
24620
21153
21176
21452
21623
21626
20067
22249
22714
22844
19206
19295
19563
19787
19993
20036
20056
20062
20258
20503
20690
20975
17331
17401
17785
18173
18461
18624
18694
18797
15499
15563
15624
15960
16411
16513
16597
17008
14085
14389
14979
15098
15107
15191
15272
15370
12460
12648
12975
13381
1256284
30637
30648
30677
30689
30730
30738
30743
30754
30769
30700
30790
30796
30799
30806
30815
30830
30832
30835
30838
30852
30859
30866
30876
30880
30908
30913
30914
30920
30925
30929
30973
30976
30984
30986
30987
30998
31007
31014
31024
31053
31063
31067
31075
31083
31090
31099
31118
31126
31134
31137
31146
31150
31165
31170
31179
31196
31218
31225
31231
31233
33803
33817
33750
33837
33875
33884
33886
33929
33963
33965
33992
33999
34012
34015
34027
34090
31855
31858
31861
31866
31871
31880
31891
31894
31897
31915
31916
31945
31948
31960
31963
31966
31969
31978
31982
31986
31992
32006
32009
32012
32020
32043
32045
32047
32035
32068
32079
32105
32122
32127
32147
32170
32205
32240
32295
32298
32321
32324
32327
32344
32347
32353
32365
32373
32376
32384
32403
32410
32428
32445
32448
32451
32454
32460
32467
32470
32488
32496
32527
32539
32557
32569
32577
32584
32580
32594
32611
24469
32629
32632
32663
32675
32696
32700
32705
32718
32723
26730
32750
32764
32781
32787
32796
32806
32808
32820
32822
32837
