33796
33823
33860
33878
33941
33990
34006
34032
34038
34048
34052
34097
34113
34116
34126
34139
34155
34166
34179
34185
34194
34208
34217
34219
34222
34160
34240
27290
27507
27510
27722
27848
27853
28087
24429
24881
25248
25261
22695
22863
23095
23235
23253
23367
23439
23462
23603
24201
24324
20805
21143
21228
21456
21689
19041
19382
19636
19988
20276
20415
20458
20589
17431
17745
17867
18442
15685
15968
16019
16766
13363
13768
14121
14143
14148
14259
14365
14462
14780
15082
12318
12401
12415
12671
13080
13104
13236
34336
34342
34346
34353
34360
34372
34383
34388
34393
34396
34417
34433
34437
34441
34465
34483
34489
34496
34511
34519
34528
34530
34538
34541
34547
34555
34564
34578
34575
34582
34591
34595
34599
34500
34610
20018
34647
34650
34655
34664
34668
34674
34676
34683
34695
34702
34707
25428
34719
34730
34732
34741
34743
34746
34749
34757
34761
34773
34787
34789
34798
34800
34809
34811
34817
34820
34832
33612
34846
34848
34855
34860
34881
34884
34914
24535
34954
34958
34961
34950
34992
34997
35002
35010
35029
35068
35080
35082
35088
35090
35094
35102
35111
35115
35119
35125
35138
35147
35154
35158
35166
35168
35130
29843
35189
35197
35201
35217
35219
35222
35225
35227
35231
35234
35240
35251
35254
35268
35270
35274
35286
35307
35318
35323
35326
35334
35298
35355
35373
35385
35395
35401
35406
35415
35420
35422
35435
35448
21155
35478
35479
35482
35499
35504
35508
35512
35520
35533
35554
35565
35571
32501
32522
32570
32610
32727
32742
32761
32771
32794
32811
32834
32840
32900
32921
33024
33068
33129
33140
33160
33243
33299
33330
33367
33394
33443
33490
33574
33599
33647
33721
33760
33787
33795
33841
33877
33906
33931
33971
33977
34001
34014
19841
34041
34059
34106
34141
34144
34173
34184
34193
34199
34206
34214
34236
34242
34245
34248
34276
34281
34300
34304
34308
34318
34332
34334
28886
28897
29204
29350
29409
29414
29563
29575
29736
29885
29952
30093
30139
30235
30432
30527
30624
30646
30656
30698
30803
30960
31124
31192
31425
31650
31722
31741
31968
32208
32409
24839
25154
25719
26094
26302
26426
26525
26574
26597
26607
26617
27148
27165
27320
28134
28207
28238
28427
22196
23087
23335
23547
24203
24749
21224
21836
21882
22315
22362
22500
19121
19190
19853
20453
17482
17874
18108
18279
18520
18597
18655
18662
19092
15519
15557
15642
16124
16346
16397
16623
16659
16745
16895
17214
14072
14624
14835
14946
14949
12139
12242
12510
12557
12683
12751
12818
13101
13244
13326
13626
34326
34337
34341
34343
34351
34362
34368
12354
21459
34382
34385
34395
34404
34406
34414
34418
34425
34428
34444
34450
34453
34456
34468
34472
34475
34484
34486
34488
34503
34510
34513
34517
34523
34540
34543
34551
34577
34581
34603
34608
34617
34626
34628
34634
34640
34646
34649
34673
34678
34684
34713
34718
34723
34731
34736
34180
34183
34197
34205
34212
34218
34232
34234
34263
34267
34269
34278
34288
34291
34310
34312
34315
34319
31072
34330
34339
34349
34364
22373
34387
34397
34400
34401
34405
34407
34163
34430
34432
34448
30724
30732
30746
17589
31395
14038
31628
31983
32010
32322
32340
32429
28888
29054
29198
29312
29327
29431
29440
29477
29561
29686
29918
30168
30407
30491
30523
30657
30663
27854
27939
28287
28315
28614
28759
25100
25185
25442
26370
26435
26654
23213
23411
23504
20331
23985
24019
24034
24061
24488
24660
21630
21918
17603
17754
18039
18454
18562
18796
19118
20341
20403
21208
16109
16666
16709
16816
17391
17411
14051
14176
14321
14535
14690
14718
14959
15026
15106
15428
15462
12126
12595
12598
12881
13195
13209
13429
13587
13720
34745
34751
34763
34765
34767
34776
34784
34799
34801
34805
34810
34814
34819
34835
34862
34863
34870
34883
34886
34889
34903
34913
34915
34917
34923
34933
34936
34937
34942
34945
34948
34952
34965
34969
34971
34973
34983
34985
34993
34996
35008
35016
35028
35031
35039
35040
35045
35054
35057
35064
35075
35089
35091
35093
35096
35097
35106
35110
35112
35117
35127
35134
35142
35144
35163
35170
35181
35183
35186
35188
35192
35198
35208
35221
35226
35249
35256
35264
35285
35290
35301
35311
35319
35325
35340
35346
35349
35371
35383
35386
35403
35411
35419
35443
35447
35458
35460
35481
35483
35491
35497
35500
35511
35514
35519
35523
35526
35532
35535
35550
35557
35556
35582
35616
35629
32515
32641
32687
32741
32782
32802
32855
32879
32887
32986
33040
33049
33083
33084
33230
33236
33249
33320
33322
33415
33445
33451
33478
33548
33585
33588
33621
33646
33783
33882
33887
33899
33997
34000
34044
34051
34063
34066
34083
34102
34117
34198
34216
34220
34229
34247
34250
34253
34260
34270
34283
34297
25495
34313
34320
30697
30713
30934
31015
31040
31288
31290
31349
31516
31660
31671
31691
31754
31778
31972
32023
32299
32357
32427
28126
29041
29094
29244
29276
25703
29488
29756
29833
29947
30072
30185
30285
30467
27176
27268
27383
27438
27503
28038
28081
28084
28587
25203
25797
25886
26004
26144
26550
26875
23145
23190
23370
23589
23940
24419
24635
24662
24701
24737
24760
21531
21562
22585
22964
19655
19995
20245
20320
20350
20630
21165
18084
18240
18354
18683
18800
18868
19195
19358
15785
16189
16912
17024
17101
17327
17394
17555
14117
14198
14219
14234
14278
14366
14967
15046
15375
15443
12779
12782
12965
13646
13764
34464
34471
34487
34490
34493
34498
34512
34514
34522
34525
34527
34531
34539
34548
34556
34565
22886
34580
34588
34602
34616
34625
34627
34643
34656
34660
34665
34667
34680
34688
34699
34704
34733
34766
34769
34788
34790
34794
34796
34802
34804
34827
34841
34849
34854
34871
34880
34891
34895
34907
34911
34926
34929
34935
34953
34957
34959
26329
34994
35000
35004
35021
35025
35036
35065
35077
35079
35100
35105
35108
35123
35126
35139
35146
35165
35150
35175
35177
35187
35191
35193
35199
35203
35207
35220
35228
35230
35232
35241
35244
35246
35255
35258
35263
35275
35284
35305
35308
35310
35324
35327
35336
35354
35366
35368
35375
35397
35410
35412
35439
35442
35446
35462
35475
35484
35490
35498
35503
35517
35522
35525
34040
35539
35555
35559
35561
35577
35581
35601
35640
32624
32672
32753
32801
32839
32845
32851
33063
33157
33164
33300
33308
33376
33473
33319
33631
33794
33894
33905
33942
33996
34025
34043
34056
34065
34072
34085
34098
34140
34176
34243
34251
34255
34277
34280
34287
34293
34296
34303
34321
34322
20751
34325
34329
34333
34344
34358
34370
34389
34402
34408
34412
34413
34426
34434
34482
34504
34516
34524
34529
34532
34535
34546
34549
34561
34567
34571
34573
34587
34592
34600
34604
34623
34632
34635
34641
34642
34645
34669
34687
34696
28993
34706
34716
34722
34747
34752
34753
34756
34762
34768
34729
34778
34782
34797
34803
34812
34830
24908
34840
34851
34858
34861
34864
34868
32414
34879
34882
34885
34898
34905
34922
34928
34940
34949
34978
34980
34999
35001
35006
35013
35015
35038
35055
35059
35062
35074
35086
31182
35101
35103
35107
35120
35132
35141
35148
35159
35174
35184
35190
35194
35212
35218
35233
35243
26368
35252
35260
35271
35273
35279
35291
35293
35295
35297
35303
35313
35332
35342
35350
35356
35359
35370
35382
35391
31378
35396
35402
35409
35414
35427
35431
35433
35444
35455
35476
35486
35496
35505
35507
35524
35531
35566
35569
35578
35589
35592
35612
31934
22447
32139
32270
32341
32370
32417
32810
32862
32902
33030
33232
33245
33307
33359
33477
33609
33648
33727
30081
30088
30196
30542
30571
30671
30737
30871
30996
31116
31202
31381
31429
31461
31587
31704
31756
28324
28579
28688
28742
28895
28923
29010
29029
29265
29277
29279
29420
29473
29478
29559
29579
26462
26897
26972
27018
27039
27144
