80428
80433
80446
75864
80458
80466
80469
80472
80475
80479
80488
80491
80495
80498
80510
80514
80516
80519
80487
80534
80539
80544
80552
80554
80556
80562
80570
80575
80576
80591
80594
80598
80600
80605
80615
80616
80620
80622
80624
80628
80637
80639
80642
80657
80656
80663
80667
80675
80678
80683
80686
80682
80693
80701
80703
80706
80710
80712
80724
80727
80730
80739
80746
80749
80763
80758
80769
74393
80786
80790
80800
80804
80806
80810
80812
80820
80824
80828
80845
80848
80864
80865
80868
80872
80874
80882
80888
80893
80895
80904
80909
80913
80916
80918
80929
80936
80935
80945
80958
80965
80968
80974
80976
80992
80994
81011
81015
81017
81019
81022
81030
81033
81036
81039
81042
81049
81054
81060
81063
81078
81086
81095
81097
81103
81108
81136
81138
81112
81143
81150
81160
76277
81165
81177
81180
81183
81186
81193
81206
81211
81213
81228
81231
81236
81244
81246
81254
81256
81257
76009
81261
81264
81269
81272
81274
74249
81284
81286
81289
81294
81295
81296
81298
81299
81301
80306
81304
81313
81316
81318
81322
81330
81335
81337
81341
81344
81349
81353
81358
81363
81371
81375
75926
81381
81386
81389
81399
81408
81413
81420
81429
81438
81440
81443
81448
81455
81457
81468
81475
81477
81481
81490
81504
81510
81513
81521
79679
81525
81527
81535
81537
81539
81544
81549
81551
81553
74747
74749
74751
74760
74765
74786
74791
74795
74798
74804
74810
74819
74823
74828
74830
74834
74846
74844
74852
74856
74860
74862
74866
74864
74870
74873
74877
74881
74884
74887
74890
74892
74896
74906
74907
74912
74914
74920
74930
74943
74949
74955
74957
74967
74974
74980
74981
74997
74010
75002
75004
75012
75017
75019
75021
75028
75030
75034
75043
75051
75054
75061
75065
75097
75102
75106
75108
75117
75121
75126
75127
75130
75132
75141
75148
75152
75155
75156
75161
75177
75181
75189
75194
75202
75206
75208
75210
75218
75215
75226
75230
75237
75239
75240
75245
75246
75249
75254
75258
75262
75265
75268
75280
75288
75291
75294
75285
75305
75306
75310
75324
75327
75330
75341
75357
75359
75361
75364
75367
75370
75373
75383
75386
75392
75406
75409
75412
75415
75418
75426
75429
75434
75436
75440
75437
75095
75452
75454
75457
75465
75468
75474
75477
75484
75489
75487
75496
75498
75501
75512
75515
75519
75529
75532
75541
75542
75550
75553
75556
75563
75573
75577
75580
75584
75586
75557
75598
75602
75608
75618
75623
75625
75635
75638
75648
75651
75663
75669
75671
75680
75683
75692
75695
75704
75707
75710
75713
75721
75724
75728
75735
75737
75747
75754
75757
75766
75767
75772
75776
75778
75788
75789
75799
75809
75812
75818
75822
75820
75917
75850
75892
75931
75935
75945
75947
75854
75952
75954
75961
72267
72296
72305
72328
72345
72348
72354
72427
72436
72454
72471
72524
72534
72574
72585
72598
72636
72642
72647
72650
72660
72682
72686
72719
72726
72728
72747
72760
72765
72784
72814
72864
72923
72985
73016
73021
73058
73099
73102
73127
73139
73143
73162
73178
73191
73192
73198
73223
73229
73238
73244
73247
73257
73266
73279
73293
73311
73318
73320
73346
73358
73369
73387
73401
73402
73406
73410
73424
73425
73441
73463
73474
73503
73508
73510
73518
73524
73527
73581
73588
73599
73636
73644
73648
73665
73675
73682
73697
73718
73735
73743
73747
73759
73777
73782
73789
73803
73809
73843
73846
73868
73871
73879
73883
73887
73893
73902
73904
73907
73910
73913
73925
73928
73938
73946
73950
73956
73961
73966
73975
73986
73990
74012
74015
74021
74032
74040
74043
74054
74069
74083
74086
74089
74093
68645
68683
68723
68772
68823
68826
68913
68929
68935
68996
69130
69144
69186
69269
69359
69447
69457
69477
69522
69529
69559
69650
69658
69714
69776
69812
69815
69865
69892
69915
69921
69959
69962
70019
70054
70066
70095
70107
70146
70149
70151
70166
70188
70234
70258
70315
70336
70345
70372
70406
70432
70467
70473
70532
70582
70585
70637
70639
70657
70666
70721
70724
70733
70754
70784
70831
70845
70853
70862
70885
70888
70917
70939
70954
70965
71001
71043
71047
71083
71610
71619
71633
71634
71639
71646
71700
71802
71817
71848
71857
71860
71863
71882
71889
71952
71965
71991
71994
72000
71968
72015
72027
72030
72052
72055
72070
72088
72093
72111
72156
72161
72211
72218
72237
72243
72294
72323
72326
72346
72352
72365
72408
72437
72466
72475
72501
72536
72569
72597
72614
72638
72665
72667
72671
72698
72701
72764
72782
72796
72802
72806
72810
72851
72884
72893
72904
72919
72920
72951
72959
72970
73006
73046
73044
73019
73080
73085
73098
73117
73125
73128
73154
73166
73189
73211
73243
73245
69565
69613
69628
69643
69656
69665
69702
69730
69766
69826
69876
69896
69902
69922
69942
69960
70014
70017
70061
70164
70180
70235
70243
70246
70267
70273
70290
70293
70303
70327
70349
70363
70402
70404
70411
70434
70484
70529
70644
70683
70698
70728
70740
70770
70788
70806
70829
70851
70854
70882
70895
70898
70901
70915
70918
70921
70955
70982
70989
70995
71013
71036
71038
71041
71071
71106
71119
71165
71179
71181
71183
71215
71217
71277
71298
71340
71341
71358
67936
67970
68041
68082
68090
68145
68240
68255
68334
68339
68382
68483
68509
68551
68588
68610
68616
68636
68695
68809
68834
68909
68918
68932
68958
68997
69046
69057
69151
69166
69179
69192
69239
69284
69354
69379
69400
69423
69433
69472
69475
69528
79509
79512
79514
79523
79525
79531
79542
79545
71157
71170
71200
71227
71266
71289
71331
71343
71360
71362
71415
71466
71482
71501
71509
71518
71546
71556
71566
71596
71599
71614
71725
71727
71769
71785
71790
71791
71814
71819
71826
71840
71846
71868
71884
71891
71924
71982
72022
72032
72037
72054
72057
72072
72077
71888
72095
72132
72158
72163
72180
72213
72242
72255
67942
67951
67963
67966
67969
67979
67997
68021
68060
68063
68066
68170
68173
68296
68386
68532
68587
77551
81342
81345
81354
81361
81151
81368
81370
81376
81378
81383
75203
81393
81394
81396
81404
81409
81418
81422
81427
81430
81433
81437
81439
81446
81449
81456
81458
81467
81469
81476
81484
81487
81488
81493
81495
81502
81505
81507
81509
81516
81519
81522
81523
81531
81540
81547
81550
81558
81556
81561
81571
81574
81575
81576
81578
81585
81598
81600
81601
81605
81609
81613
81619
81623
81637
81639
81646
81647
81649
81654
81661
81664
81669
81671
81675
81678
81688
81694
81692
81700
81702
81704
73988
81714
81717
81722
81723
81727
81729
81737
81740
81747
81749
81752
81762
81764
81767
81770
81782
81784
81787
81790
81795
81800
81804
81806
81809
81813
81821
81824
81829
81834
81836
81843
81852
81863
81865
81866
81873
81875
81882
81890
81896
81903
81906
81923
81930
81934
81941
72362
81949
81952
81960
81967
81973
81979
81984
81986
81988
81991
82004
82012
82013
82022
82026
82028
82038
82047
79539
79546
79549
79552
79556
79554
79564
75899
79570
79573
79576
79587
79590
79593
79595
79598
79607
79611
79614
79622
79623
79626
79632
79628
79642
79646
79650
79656
79664
79666
79668
79672
79678
79684
79697
79699
79703
79710
79712
79723
79724
79728
79733
79732
74992
79749
79752
79760
79762
79765
79768
79773
79777
79779
79780
79783
79787
79795
79800
79804
79806
79810
79814
79823
79824
79827
79833
79843
79846
79849
79853
79855
79862
79865
79869
79872
79875
79882
79885
79889
79890
79895
79903
79902
79906
79912
79916
79923
79926
79931
79933
79936
79945
79947
79950
79953
79955
79963
79966
79969
79972
79974
79983
79986
79990
79994
79997
80007
80014
80017
80020
80032
80035
80038
80048
80050
80057
80059
80068
80073
80076
80082
80090
80092
80096
76796
80110
80113
80117
80121
80131
80132
80137
80142
80144
80153
80156
80162
79565
80171
80178
80181
80187
80198
80201
80205
80218
80220
80223
80226
80237
80243
80246
80249
80257
80259
80262
80264
80267
80278
80281
80284
80295
80300
80297
80313
80324
80327
80330
80331
80343
80345
80350
80352
80362
80365
80367
80372
80381
80384
80386
80389
80392
80401
80406
80409
80411
80420
80426
80432
80439
80442
80449
80452
80455
80461
80464
80467
80470
80473
80482
80485
80490
80489
80504
80506
80511
80513
80517
80524
80527
80529
80532
80535
80538
80547
80549
80551
80555
80561
80569
80579
80586
80587
80592
80597
80608
80612
80611
80617
80619
80627
80632
80636
80640
80648
80654
80658
80661
80672
80676
80679
80684
80694
80698
80700
80704
80707
80716
80722
80725
80736
80735
80741
80755
80760
80762
80770
80776
80779
80782
80794
80798
80801
80808
80818
80822
80825
80827
80838
80833
80847
80849
80858
80861
80850
80867
80881
80887
80899
80902
80883
80912
80914
80921
80924
80927
76087
80934
80941
80944
80950
80952
80957
80967
80969
80972
80982
80986
80990
80991
80995
81006
81012
81018
81026
81028
81034
81046
81050
81052
81058
78786
81069
81072
81076
81077
81081
81090
81092
81098
81101
81120
81121
81131
81134
81135
81144
81154
81158
81169
81172
81178
81181
81189
81191
81198
81201
81209
81217
81219
81220
81229
81234
81241
81245
81258
81260
81262
81267
81282
81287
81300
81307
81310
81314
81323
81325
81328
81334
78247
81338
77757
77759
77761
77763
77769
77771
77772
77783
77792
77797
77804
77808
75912
77658
77819
77823
77832
77834
77841
75874
77849
77852
77861
77863
77865
77869
77880
77882
77886
77897
77894
77901
77906
77915
77917
77913
77923
77927
77929
77933
77936
77957
77960
77965
77968
77971
77974
77524
77988
77990
78005
78007
78014
78025
78031
78034
78036
78045
78047
78050
78049
78054
78061
78063
78076
78079
79634
79637
79639
79641
79644
79657
79660
79661
79665
79673
79177
79680
79688
79691
79694
79700
79711
79713
79719
79721
79725
79734
79736
79738
79741
79750
79753
79759
79766
79775
79778
79786
79793
79801
79807
79809
79813
79820
79821
79831
79834
79837
79839
79842
79851
79856
79861
79864
79873
79876
79879
79884
79898
70208
79909
79913
79917
79919
79922
79925
79934
79937
79939
79948
79960
79962
79965
79973
79976
79982
79981
79998
80004
80001
80009
80022
80024
80026
80028
80036
80042
80046
80054
80060
80062
80065
80070
80080
80083
80089
80093
80105
80107
80109
80112
80124
80128
80130
80139
80146
80149
80152
80155
80165
80168
80172
80174
80184
80194
80208
80210
80213
80215
80228
80230
80233
80236
80247
80250
80256
75869
80265
80270
80268
80274
80285
80288
80299
80311
80301
80317
80323
80332
80334
80336
80339
80342
80351
80357
80359
80369
80371
80375
80377
80400
80402
80410
80417
80419
80429
80434
80436
80438
76943
76945
76953
76956
76957
72300
75895
76970
76973
76976
76978
76993
77007
77016
77023
77031
77035
77055
77057
77059
77064
77074
77086
77103
77112
77117
77120
77127
77130
77133
77135
77138
77146
77150
77151
77153
77148
77164
77163
77171
77178
77183
77185
77192
77197
77201
77208
77211
77216
77218
77226
77227
77233
77236
77257
77265
77272
77275
77284
77289
77295
77299
77301
79548
79551
79553
79559
79560
79566
79568
79574
79582
79585
79588
79591
79601
79603
79608
79616
79619
79624
79638
79647
79651
79662
79663
79667
79671
79676
79683
78081
78090
78098
78099
78102
78108
71265
78117
78125
78123
76500
78131
78141
78144
78145
78151
78152
78157
78164
78166
78173
78176
78180
78183
78191
78194
78199
79698
79701
79704
79716
79718
79722
79726
79729
79737
79740
79744
79747
79756
79758
79714
79764
79774
79776
78415
79781
79790
79788
79794
79797
79805
79808
79811
78202
78209
78212
78216
78218
78222
78224
78237
78240
78242
78248
78253
78258
78267
78271
78274
78283
78285
78287
78299
78302
78304
78311
78313
78317
78321
78326
79816
79819
79822
79825
79836
79841
79844
78739
79860
79866
79870
79878
79871
79883
79888
79894
79905
79907
79918
79921
79924
79928
79946
79959
79961
79964
79971
78329
78332
78344
78355
78357
78360
78363
78374
78378
78383
73140
78393
78397
78400
78403
78411
78414
78419
78426
78427
78428
78437
78440
78442
78445
75908
78452
79984
79988
79991
79995
80003
80006
80008
80011
80015
80021
80023
80029
80034
80043
80045
80049
80051
80056
80066
80069
80071
80074
80085
80088
80091
80094
80097
78459
78464
78469
78471
78473
78486
78497
78503
78511
78513
78527
78534
78536
78539
78552
78555
78559
78566
78569
78571
78585
78587
78590
78592
78600
78616
78619
80104
80108
80111
80126
80129
80133
80138
80148
80151
80154
80157
80161
80167
80173
80176
80179
80188
80193
80196
80199
80202
80190
80211
80219
80221
80224
80232
78626
78630
78643
78646
78648
78652
78662
78665
78669
78678
78680
78686
78688
78697
78707
78711
78714
78717
78727
78731
78740
78743
78745
78751
78757
78763
78766
80235
80238
80244
80252
80254
80258
80260
80263
80269
80272
80276
80279
80291
80293
80298
80302
80309
80315
80318
80321
80325
80328
80335
80338
80341
80346
80356
78769
78778
78780
78788
78789
78810
78811
78816
78824
78362
78838
78842
78845
78855
78863
78876
78878
78883
78886
78892
78899
78904
78907
78909
78919
78921
78923
80355
80360
80363
80366
80376
80379
80382
80385
80388
80395
80399
80404
80407
80415
80418
80421
80424
80427
80431
80440
80444
80450
80443
80459
80462
80465
80468
78925
78937
78942
78945
78947
78954
78957
78981
78982
78989
78992
78993
78998
79001
79008
79014
79010
79017
79025
79027
79029
79033
79037
79043
79044
79054
79061
80477
80480
80483
80492
80497
80502
80505
80512
80520
80522
80525
80530
80533
80541
80545
80542
80550
80564
80565
80568
80571
80573
80582
80585
80590
80593
80602
79068
79069
79079
79080
79085
79099
79104
79106
79109
79117
79123
79131
79133
79138
79149
79154
79160
79166
79174
79163
79182
79187
79193
79195
79203
79207
79208
77305
77307
77310
77316
77319
77320
77050
77342
77343
77345
77354
77357
77360
77361
77371
77373
77377
77389
75921
77396
77405
77407
77413
77420
77421
77425
77428
77434
77438
77441
77443
77446
77453
77462
77472
77477
77479
77484
77495
77499
77510
77512
77518
77523
77532
77538
77540
77542
77550
77554
77556
77561
77564
77572
77576
77587
77591
77595
77604
77609
77611
77613
77617
77625
77631
77634
77639
77643
77646
77649
77654
77642
77662
77669
77673
77674
77679
77686
77690
77694
77705
77710
77716
77720
77728
77733
77736
77752
77778
77781
77784
77786
77795
77800
77802
77806
77813
77815
77829
77831
77835
77837
77844
77850
77853
77856
77860
77871
77874
77877
77879
77881
77888
77893
77895
77898
77910
77912
77916
77921
77924
77926
77930
77932
77938
77951
77946
77955
77943
77961
77962
77964
77975
77978
77979
77983
77985
77989
77999
78001
78004
78008
78015
78019
78020
78023
78035
78038
78046
78055
78060
78042
78069
78071
78077
78078
78087
78088
78092
78093
78096
78109
78112
78124
78132
73153
78137
78140
78143
78150
78153
78161
78169
78168
78172
78175
78186
78188
78190
78201
78204
78200
78210
78211
78220
78230
78238
78239
78244
78249
78256
78259
78266
78275
78277
78280
78288
78292
78297
78309
78310
78312
78322
78324
78327
78338
78343
78346
78353
78361
78365
78368
78373
78371
78384
75431
78391
78401
78406
78421
78431
78432
78434
78436
78439
78448
78450
78455
78466
78468
78475
78478
78479
78481
78482
78489
78492
78501
78504
78506
78509
78510
78519
74963
74965
72302
74968
74970
74971
74977
74985
74988
74994
74996
74999
75006
75008
75011
75025
75027
75037
75048
75057
75059
75060
75067
75068
75070
75078
75079
78522
78525
78533
78535
78546
78549
78551
78560
78563
78565
78575
78576
78581
78599
78602
78606
78608
78610
78620
78628
78634
78636
78640
78645
78653
78657
78661
75080
75088
75092
75096
75099
75111
75113
75119
75122
75128
75133
75135
75143
75146
75149
75151
75160
75164
75165
75172
75185
75187
75198
75214
75217
75219
75228
78668
78677
78679
78684
78689
76172
78694
75069
75074
75083
75091
75093
75098
75101
75105
75107
75112
75134
75136
75139
75145
75154
75159
75163
75167
75169
75170
75231
75234
75242
75252
75255
75266
75275
75290
75292
75298
75304
75311
75314
75316
75320
75329
75333
75336
75337
75343
75349
75352
75355
75365
75380
75385
75394
75174
75176
75190
75192
75199
75204
75207
75216
75221
73659
75224
75233
75243
75247
75250
75257
75263
75278
75283
75295
75297
75300
75303
75307
75313
75317
75319
75397
75413
75422
75425
75428
75438
75441
75444
75447
75449
75455
75462
75464
75467
75475
75478
75481
75485
75488
75491
75499
75503
75504
75506
75511
75518
75522
75335
75227
75339
75348
75351
75356
75360
75362
75376
75384
75399
75401
75404
75407
75410
75421
75427
75443
75448
75450
75460
75463
75466
75470
75479
75483
75486
75525
75528
75531
75540
75546
75564
75570
75576
75583
75587
75599
75596
75137
75614
75617
75626
75631
75634
75637
75642
75649
75652
75656
75662
75670
75673
75676
75493
75505
75508
75510
75517
75524
75527
75530
75545
75548
75551
75554
75558
75566
75569
75572
75575
75578
75592
75594
75603
75610
75613
75619
75621
75630
75633
75679
75681
75697
75703
75712
75723
75734
75738
75741
75744
75748
75758
75760
75765
75769
71779
75779
75782
75786
75785
75802
75806
75811
75821
75825
75891
75882
75636
75639
75644
75657
75659
75664
75675
75678
75682
75685
75696
75701
75705
75716
75722
75725
75729
75731
75740
75743
75746
75749
75752
75764
75768
75770
75781
75924
75932
75933
75941
75886
75865
75826
75627
75955
75956
75960
75974
75979
75911
75990
75994
75996
75999
76006
76012
76033
76035
76046
76048
76051
76055
76063
75784
75787
75791
75804
75792
75835
75888
75929
75878
75934
75937
75943
75946
75950
75958
75962
75965
75967
75975
75978
75981
75983
75987
75841
75997
76000
76002
76066
75884
76072
76082
76088
76091
76094
76102
76105
76104
76111
76114
76122
76125
76128
76131
76135
76138
76145
76153
76156
76170
76174
76181
76188
76191
76194
74245
74248
74250
74255
74254
74259
74261
74264
74267
74269
74275
74281
74283
74285
74291
74294
74296
74300
74313
74316
74327
74331
74340
74345
74344
74351
74361
74360
74366
74369
74374
74389
74394
74395
74405
74414
74419
74422
74424
74436
74438
74451
74454
74455
74465
74468
74471
74477
74490
74494
74497
74503
74508
74511
74513
74519
74522
74524
74525
74538
74544
74553
74562
74548
74576
74579
74582
74588
74594
74597
74600
74605
74608
74611
74615
74620
74634
74631
74640
74643
74650
74653
74661
74667
74676
74681
74688
74692
74699
74704
74723
74728
74733
74735
74737
74740
74743
74750
74755
74763
74771
74774
74780
74782
74788
74790
74800
74803
74809
74816
74818
74825
74827
74839
74842
74848
74851
74853
74857
74867
74868
74872
74876
74878
74888
74898
74903
74910
74916
74917
74923
74936
74937
74952
74959
74962
74964
74983
74989
74990
74995
75001
75005
75009
75014
75029
75033
75035
75040
75047
75056
75058
75062
75066
75075
75082
75086
75094
75103
75114
75116
75120
75123
75140
75142
75144
75162
75168
75175
75179
75180
75184
75186
75193
75196
75197
75205
75212
75213
75222
75223
75225
75229
75232
75236
75241
72364
75248
75261
75264
75267
75270
75274
75284
75289
75299
75301
75309
75312
75315
75322
75328
75332
75331
75338
75340
75345
75350
72018
75366
75368
75375
75378
75391
75389
75395
75398
75400
75408
75414
75417
75419
75423
75435
75439
75442
75445
75453
75456
75461
75458
75471
75473
75476
75482
75494
75497
75500
75502
75507
75514
75516
75520
75523
75526
75534
75538
75555
75559
75562
75565
75568
75571
75582
75593
75604
75606
75609
75612
75620
75624
75628
75622
75632
75646
75647
75650
75654
75665
75668
75672
75674
75677
75684
75688
75693
75706
75709
75711
75715
75718
75726
75730
75733
75736
75742
75750
75753
75756
75759
75762
75771
75774
75777
75780
75794
75800
75803
75819
75823
75824
75927
75851
75871
75913
75930
72182
72185
72003
72327
72330
72350
72385
72406
72416
72430
72442
72458
72464
72482
72483
72486
72492
72526
72563
72570
72578
72582
72594
72624
72625
72645
72677
72685
72691
72708
72761
72827
72847
72867
72898
72936
72950
72968
72979
73032
72961
73047
73072
73091
73097
73104
73107
73115
73126
73131
73152
73167
73212
73227
73236
73249
73252
73276
73286
73288
73295
73298
73307
73326
73324
73335
73343
73345
73348
73352
73357
73368
73423
73436
73440
73450
73476
73479
73492
73529
73553
73560
73565
73580
73586
73594
73604
73607
73611
73628
73637
73640
73723
73739
73752
73784
73788
73791
73794
73811
73825
73831
73842
73853
73865
73877
73886
73892
73895
73898
73906
73909
73920
73930
73937
73940
73943
73951
73953
73967
73980
73994
73997
74000
74017
74020
76017
76020
76022
76032
76034
76039
76045
76047
76050
76053
76057
76068
76071
76074
75863
76090
76093
76096
76106
76110
76113
76116
76119
76130
76132
76140
76142
76197
76204
76212
76215
76218
76222
76226
76234
76236
76240
76243
76257
76250
76265
76272
76279
76285
76288
76291
76301
76304
76307
76318
76321
76324
76326
76331
76151
76158
76161
76164
76173
76176
75890
76184
76193
76196
76203
76210
76217
76224
76231
76239
76242
76245
76255
76252
76262
76264
76266
76270
76281
76284
76287
76335
76343
76349
76327
76390
76395
76409
76418
75853
76428
76431
76435
76441
75833
76458
76469
76476
76483
76492
76494
76506
76511
76517
76521
76523
76530
76533
76290
76293
76296
75832
76306
76309
76313
75918
75901
76330
75837
76337
76340
76348
76351
76354
76357
76363
76378
76394
76400
76411
76417
76423
76430
76433
76432
76536
76538
76547
76559
76568
76571
76573
76575
76579
76586
76593
76596
76607
76608
76613
76614
76616
76617
76630
75876
76635
76640
76653
76658
76651
76670
76675
76440
76442
76452
76454
76460
76463
76471
76474
76488
76491
76496
76501
76516
76520
76525
76537
76543
76554
76557
76560
76565
76574
76577
76580
76588
76595
76589
76678
76689
76694
76692
76701
76711
76713
75920
76719
76724
76726
76730
76732
76735
76744
76747
76754
76759
76769
76774
76776
76777
76780
76782
76792
76790
76788
76598
76603
76612
76628
76634
76639
76642
76654
76657
76660
76662
76665
76674
76679
76681
76687
76693
76697
76703
76706
76715
76728
76731
76734
76737
76749
76751
76791
76806
76810
76815
76819
76823
76827
76829
76833
76838
76843
76855
76858
76861
76871
76889
76907
76917
76925
76927
76930
76933
76935
76944
76948
76952
76958
76753
76755
76764
76768
76786
76802
76797
76812
76817
76826
76828
76836
76844
76848
76857
76859
76863
76865
76869
76876
76877
76879
76885
76888
76896
76901
76904
76966
76974
76968
76981
76983
76988
76995
77002
77004
77013
77019
77022
77026
77030
76229
77038
77041
77043
77049
77053
77058
77060
77067
77069
77080
77087
77090
76911
76919
76923
76934
76936
76937
73268
73277
73280
73281
73309
73317
73332
73354
73356
73360
71629
73392
73398
73459
73461
73477
73480
73491
73499
73504
73505
77092
77096
77099
77107
77110
77113
77116
76221
77131
77141
77154
77159
77160
77165
77176
77179
77181
77182
77188
77193
77195
77203
77205
77209
77214
77222
77228
73525
73552
73574
73603
73613
73616
73638
73651
73676
73683
73711
73722
73730
73760
73772
73775
73778
73795
73804
73812
73819
73824
73835
73841
73859
73864
73875
77224
77231
77239
77247
77248
77251
77253
77260
77263
77125
77279
77281
77287
75838
77298
77303
77304
77317
77325
77326
77332
77338
77339
77340
77346
77347
77351
80603
80507
80607
80613
80614
80623
80631
80643
80649
80652
80664
80666
80670
80673
80677
80689
80699
80702
80713
80715
80717
80718
80737
80740
80748
80754
80761
80764
80777
80780
80783
80791
80793
80796
80799
80802
80811
80813
80814
80834
80837
80839
80841
80853
80856
80860
80866
80873
80876
80879
80884
80894
80898
80903
80907
80922
80928
80942
80949
80959
80961
80966
80975
80979
80981
80984
80985
80989
80997
81004
81007
81010
81023
81029
81032
81040
81044
81048
81051
81065
81070
81073
81084
81087
81089
81096
81106
81115
81118
81125
81132
81137
81148
81155
81159
81166
81170
81184
81187
71408
81195
81214
81216
81221
81223
81226
81227
81230
81237
81240
81242
81247
81265
81271
81273
81275
81279
81280
81283
81285
81290
81293
72395
81302
81305
81308
81309
81311
81317
81321
79002
81332
81340
81350
81359
81364
81372
81379
81385
81391
81395
81400
81406
81407
81411
81416
81421
81423
81424
81426
81428
81431
81444
81451
81452
81460
81461
81465
81471
81473
81479
81480
81496
81500
81508
81511
81514
81520
78027
81526
81534
81536
81552
81554
81557
81560
81562
81566
81569
81572
81577
81024
81583
81586
81587
81589
81592
81594
81599
81610
81617
81621
81634
81636
81638
81645
81648
81651
81656
81659
81662
81665
81668
81674
81676
81681
81686
81691
81697
81698
75897
81703
81715
81719
75382
81730
81733
81735
81738
81746
81751
81753
81757
81760
81765
81773
81778
81779
81780
81789
81791
81796
81801
81808
81825
81826
81831
81838
81841
81844
81847
81851
81854
81859
81864
81872
75775
80186
81891
80646
81900
81901
81908
81917
81936
81939
81944
81950
81953
81956
81962
81965
81968
81976
81982
80290
81992
81994
81999
82005
82009
82023
82027
82030
82043
82051
82052
77724
77726
77732
77737
77754
77768
77766
77780
77758
77785
77788
77791
77799
77803
77805
77809
77817
77822
77825
77828
77840
77842
77845
77847
77855
77858
77862
77864
77867
77876
77878
77873
77884
77883
77900
77903
77908
77911
77914
77918
77928
77931
77934
77953
77942
77949
77944
77940
77970
77972
77977
77982
77984
77980
77991
77997
78003
78006
78009
78018
78026
78029
78032
78037
78041
78044
78057
78062
78066
78075
78083
78095
78100
78104
80441
80453
80456
80457
80460
80463
80476
80478
80481
80494
80493
80499
80503
80509
80515
80521
80523
80526
80528
80540
80543
80546
80548
80557
80563
80566
80567
78111
78115
78118
78119
78129
78134
78136
78139
78142
78146
78148
78155
78156
78159
78165
78171
78174
78181
78187
78189
78192
78195
78206
78208
78213
78217
78228
80580
80583
80589
80596
80599
80601
80606
80618
80621
80625
80630
80638
80641
80647
80650
80660
80665
80671
80681
80688
80690
80695
80697
80705
75922
80711
80709
78229
78232
78233
78236
78243
78246
78250
78251
78254
78262
78263
78268
78269
78272
78290
78293
78295
78298
78300
72797
78319
78330
78335
78339
78341
78345
78352
80726
80729
80743
80745
80747
80751
80759
80771
80775
80773
80778
80789
80792
80797
80803
80809
80815
80817
80826
80821
80831
80836
80830
80840
80846
80854
80857
78358
78370
78375
78376
78379
78392
78396
78399
78405
78408
78412
78423
78425
78429
78433
78435
78438
78443
78453
78454
78456
78465
78467
78480
78484
78487
78493
77202
77213
77215
77217
77220
77223
77232
77238
77241
77254
77256
77259
77262
77269
77271
77277
77286
77288
77297
77302
77306
77313
77315
77318
77324
77333
77334
77355
77352
77370
77372
77374
77380
77382
77388
77398
77400
77404
77408
77415
77418
77419
77422
77436
77437
77439
77448
77455
77460
77468
77471
77474
77478
77480
77337
77344
77348
77350
77358
77363
77366
77375
77381
77385
77390
77392
77395
77401
77410
77412
77414
77416
77423
77427
77440
77442
77445
77450
77458
77464
77467
77487
77490
77494
77500
77508
77509
77511
77527
77531
77536
77546
76037
77557
77568
77570
77573
77577
77585
77592
77602
77605
77607
77612
77620
77623
77626
77633
77470
77481
77482
77483
77488
77491
77502
77505
77506
77516
77519
77522
77526
77537
77539
77543
77549
77555
77559
77563
77567
77571
77578
77590
77593
77596
77601
77637
77640
77644
77657
77663
77664
77672
77675
77680
77685
77692
77697
77699
77702
77703
77706
77714
77717
77723
77727
77730
77734
77739
77742
77746
77748
75849
77610
77618
77630
77636
77645
77648
77651
77660
77661
77667
77678
77684
77695
77700
77708
77713
77707
77722
74103
74106
74110
74125
74129
74143
74144
74148
74161
77760
77764
77765
77773
77774
77776
77782
77794
77798
77801
77810
77812
77816
77818
77821
77824
77833
77838
77846
77848
77854
77866
77870
77875
77885
77887
77889
74175
74177
74180
74182
74186
74190
74198
74201
74203
74213
74214
74217
74219
74222
74228
74232
74243
74246
74256
74266
74273
74276
74280
74289
74290
74292
74298
77891
77905
77907
77909
77919
77925
77935
77947
77952
77945
77956
77958
77959
77941
77973
77976
77981
77987
72616
72641
72643
72648
72661
72679
72695
72702
72715
74302
74304
74308
74311
74317
74328
74330
74332
74336
74338
74343
74347
74353
74348
74362
74381
74383
74391
74402
74408
74404
74421
74432
74439
74443
74446
74449
72739
72741
72759
72780
72841
72863
72872
72873
72869
72892
72902
72921
72938
72939
72943
72957
72964
73000
73036
73061
73065
73083
73096
73003
73110
73138
73160
74450
74458
74463
74466
74480
74482
74484
74491
74504
74510
74512
74518
74520
74528
74540
74547
74551
74557
74560
74567
74570
74574
74577
74587
74589
74592
74598
73199
73224
73226
73248
73251
73255
73292
73330
73336
73342
73344
73364
73404
73420
73431
73465
73473
73485
73500
73517
73547
73556
73559
73569
73575
73590
73593
74603
74606
74613
74623
74625
74630
74632
74635
74637
74638
72276
74648
74651
74654
74657
74660
74669
74674
74677
74678
74686
74690
74696
74710
74717
74720
74739
73597
73609
73612
73615
73627
73631
73645
73666
73668
73686
73688
73698
73707
73713
73725
73728
73734
73748
73779
73787
73813
73830
73850
73855
73894
73897
73900
73911
73921
73924
73927
73936
73939
73945
73949
73955
73957
73960
73965
73969
73484
73976
73977
73996
74011
74014
74028
74033
74044
74047
74055
74061
74064
74076
74079
74091
74094
74097
74102
74105
74117
74119
74123
74131
74133
74137
74146
74149
74152
74155
74157
74165
74166
74169
74171
74176
74192
74197
74200
74204
74216
74220
74231
74238
74239
74242
74247
74263
74270
74278
74282
74286
74293
74295
74303
74318
74323
74326
74335
74346
74349
74357
74363
74365
74368
74371
74373
74376
74382
70752
70807
70849
70875
70886
70889
70899
70916
70937
70944
70968
71000
71042
71060
71094
71114
71127
71171
71189
71225
71269
71275
71294
71336
71350
71363
71407
71409
71433
71445
71460
71480
71534
71537
71567
71613
68400
71652
71664
71676
71680
71686
71695
71697
71726
71735
71739
71744
71792
71794
71838
71847
71879
71883
71895
71901
71907
71923
71932
71941
71944
71950
71963
71992
72013
72046
72063
72071
72082
72089
72131
72151
72157
72169
72204
72216
72229
72232
72238
72245
72257
72275
72313
72324
72332
72335
72341
72344
72347
72389
72400
72450
72462
72499
72518
72521
72523
72559
72576
72581
68884
68904
68939
68995
69011
69090
69199
69234
69274
69341
69352
69366
69407
69453
69483
69496
69547
69577
69598
69608
69616
69689
69698
69709
69731
69739
69772
69814
69827
69833
69855
69928
69934
69949
80859
80871
80877
80892
80897
80908
80911
80917
80920
80923
80931
80940
80951
80956
80960
80962
80970
80973
80980
80993
80996
81000
81005
81016
81021
80998
81035
79217
79219
79222
79225
79228
79232
79235
79240
79241
79245
79252
79255
79257
79260
79262
79266
79275
79282
79283
79291
79294
79302
79305
79316
79320
79322
79325
81041
81045
81047
81056
81059
81062
81068
81071
81079
81082
81085
81091
81107
81111
81122
81123
81126
81128
81133
81142
81145
81149
81153
81157
81162
81164
81168
79332
79335
79342
79344
79353
79357
79350
79360
79373
79378
79384
79399
79402
79410
79413
79414
79420
79429
79431
79434
79437
79443
79453
79456
79460
79458
79474
81171
81179
81182
81188
81190
81202
81205
81208
81224
81232
81235
81239
81255
80101
81259
81263
77622
81277
81278
81281
81288
81291
81297
81306
81315
81319
81326
79472
79470
79480
79483
79490
79494
79497
79499
79508
69517
79516
79519
79527
79530
79533
75887
75942
75949
75953
75877
75959
75966
75968
75830
75972
75902
75984
81327
81329
81331
70838
81336
81339
81343
81346
81352
81356
81360
81362
81365
81366
81367
81369
81374
81377
81380
81388
81392
81397
81398
81414
76497
81419
81425
75988
75993
75846
76004
76007
75903
76013
75848
76023
76028
76024
76036
75831
76044
75868
76049
76061
76067
76069
76077
76080
76083
76089
76097
76107
76109
76117
81434
81435
81441
81442
81445
81447
81210
81462
81464
81466
81470
81472
81474
81478
81482
81483
81485
81486
81492
81494
81497
81499
81506
77843
81512
81515
81518
76120
76123
76126
76129
75898
76146
76150
76162
76168
76175
75273
76186
76189
76192
76195
76207
76209
76213
76216
76228
76232
76235
76238
76241
76258
76259
76268
81528
81530
81532
81546
81555
81559
81564
81567
81570
81573
81579
81581
81582
81584
81596
81603
81606
81607
80572
81614
81615
81618
81625
81633
72273
81459
81655
76271
76273
76276
76280
76283
76297
76299
76302
76308
76314
76316
76319
76322
76325
76328
76338
76341
76346
76358
76361
76366
76370
76373
76382
76388
76404
76421
81657
81660
81663
81672
81682
81685
81687
81693
73495
81699
81701
81706
81712
81713
81728
81732
81734
81741
81744
81748
81761
81763
81768
81776
81785
81788
81798
76424
76434
76443
76446
76449
76451
76453
76459
76467
76470
76473
76478
76481
76490
76503
76512
76514
76526
76544
72309
76564
76566
76569
76581
76584
76591
76582
81802
81803
81811
81820
81823
81837
81839
80115
75842
81849
81850
81853
81855
81857
81860
81862
81867
81870
81883
81885
81887
81905
81907
81916
81918
81920
81931
76602
76622
76633
76648
76643
76663
76666
76669
76673
76685
76695
76704
76707
76709
76698
76712
76714
76720
76722
76727
76729
76738
76745
76748
76756
76763
76771
81565
81580
81588
81590
81591
81593
81602
81611
81612
81616
81624
81626
81597
81629
81635
81640
81641
81644
81650
81652
81653
81658
81666
81542
81673
81679
81680
81683
81690
81695
81696
76991
81705
81707
81710
81716
81718
81720
81721
75828
81726
81731
81739
81742
81745
81750
81754
76329
81756
81759
81766
81769
81772
81775
81777
81781
81783
81786
74380
81797
81799
81807
81810
81814
81822
81830
81832
81840
81846
81848
81856
81861
81868
81871
81878
81881
81884
81893
81899
81902
81898
81909
81912
81915
81919
81922
81929
81932
81940
81943
81945
81958
81959
81969
81972
81975
81977
81981
81985
81995
82003
82006
82010
71293
82015
82042
82044
82046
82049
82063
74388
74390
74392
74398
74409
74410
74415
74429
74431
74434
74441
74444
74453
74467
74470
74473
74476
74479
74485
74492
74498
74501
74505
74514
74517
74537
74543
74545
74550
74555
74559
74563
72845
74569
74575
74578
74581
74585
74602
74607
74610
74614
74619
74624
74626
74627
74629
74639
74642
74645
74647
74658
74663
74665
74670
74679
74680
74683
74684
74695
74697
74702
74708
74711
74716
74719
74727
74736
74738
74742
74745
74754
74759
74773
74775
74785
74792
74794
74799
74802
74808
74811
74815
74822
74824
74832
74833
74841
74847
74849
74854
73840
74845
74858
74865
74882
74893
74905
74913
74929
74938
74939
74950
74953
74954
74956
78496
78498
78502
78508
78514
78520
78524
78526
78532
78537
78540
78544
78548
78550
78553
78562
78568
78579
78580
78588
78598
78601
78604
78611
78612
78614
78615
70380
70412
70426
70451
70459
70461
70493
70537
70559
70570
70597
70621
70624
70630
70708
70716
70750
70756
70792
70798
70813
70817
70828
70841
70887
70890
70894
78623
78627
78632
78639
78644
78650
78659
78660
78663
78667
78674
78675
78676
78681
78683
78692
78696
78699
78706
78712
78720
78722
78725
78729
78738
78744
78749
70914
70922
70928
70938
70941
70945
70953
70966
70969
70972
70975
70983
70990
70993
70997
71009
71011
71023
71026
71044
71049
71168
71169
71207
71218
71222
71241
78762
78767
78779
78797
78801
78804
78807
78809
78812
78814
78822
78825
78828
78836
78839
78846
78849
78852
78853
78861
78873
78877
78879
78890
78898
78901
78913
71259
71261
71268
71285
71334
71346
71395
71402
71410
71421
71458
71464
71473
71487
71513
71527
71584
71590
71598
71605
71650
71657
71717
71737
71757
71751
71821
78916
78918
78926
78935
78938
78943
78952
78960
78961
78964
78924
78972
78975
78978
78986
78987
78991
78994
78996
79011
79019
79035
79038
79040
79047
79050
79052
71837
71839
71845
71856
71870
71876
71896
71903
71710
71939
71958
71973
72016
72024
72038
72053
72085
72104
72107
72137
68539
68567
68689
68710
68736
68833
68876
79057
79066
79073
79078
79082
79089
79092
72099
79094
79097
75893
79115
79116
79127
79129
79134
75591
79141
79147
79150
79152
79155
79167
79172
79175
79178
79180
68866
68933
68940
68974
69000
69021
69115
69141
69155
69229
69336
69364
69405
69440
69501
69515
69516
69554
69572
69574
69626
69629
69636
69701
69725
69762
69765
79185
79190
79199
79201
79202
79206
79213
79215
79218
79220
79223
79230
79233
79239
79250
79254
79273
79276
79277
79280
79290
79292
79297
79300
79308
79311
79314
69829
69847
69866
69880
69929
69932
70007
70026
70050
70068
70127
70133
70153
70187
70245
70253
70260
70283
70332
70335
70342
70350
68020
68042
68045
68133
68141
79317
79319
79330
79333
79336
79339
79347
79351
79354
79358
79365
79366
79374
79379
79393
79395
79397
79405
79408
79411
79416
79423
79430
79433
79449
79451
79454
68169
68181
68202
68207
68231
68261
68337
77993
77996
77998
78002
78012
78013
78016
78010
78021
78022
78030
78033
78048
78051
78053
78056
78058
78064
78067
78070
79457
79466
79473
79476
79478
79486
79488
79495
79504
75923
75839
75970
75980
75982
75986
76001
76003
74090
76008
76016
76019
76025
76029
76040
76043
76054
76056
78074
78082
78085
78084
78089
78091
78094
78110
78107
78120
78121
78122
78097
78130
78149
78154
78163
78167
78170
78177
78182
78184
78196
78197
78203
78205
78207
78219
78221
78226
78234
78235
78241
78245
78252
78255
78257
78265
78276
78278
78282
78284
78289
78291
78301
78305
78307
78308
78323
78336
78337
78342
78351
78369
78377
78381
78382
78388
78390
78394
78395
78402
78410
78422
78417
75855
78441
78444
78457
78460
78463
78472
78474
78476
78477
78485
78488
78490
78500
78507
78512
78517
78521
70358
78530
78531
78538
78542
78543
78545
78541
78556
78557
78561
78574
78577
78586
78589
78593
78595
78597
78609
78613
78618
78622
78624
78633
78635
78638
78641
78647
78651
78654
78664
78666
78670
78672
78682
78685
78687
78690
78693
78703
78716
78721
78730
78733
78737
78747
78750
78756
78765
78768
78771
78774
78775
78783
78794
78796
78806
78813
78815
78821
78830
78832
78850
78856
78858
78866
78867
78870
78882
78887
78897
78906
78911
78915
78927
78928
78931
78933
78936
78941
78944
78949
78959
78963
78969
78976
78983
78985
78995
79004
79023
79030
79034
79041
79046
79049
79055
79058
79059
79065
79024
79074
79075
79081
79086
79095
79098
79101
79102
79107
79111
79113
79121
79124
79128
79137
79140
79142
79146
79148
75883
79173
79176
79179
79191
79200
79210
79211
79214
79221
79226
79238
79249
79261
79265
79267
79270
79281
79284
79298
79301
79304
79307
79310
79318
79321
79324
75867
79337
79343
79346
79349
79356
79359
79361
79364
79368
79377
79380
79383
81935
81937
81946
81948
81951
81963
81971
81974
81978
81980
81987
81990
81997
82000
82008
82011
82014
82017
82021
82025
82029
82031
82037
82040
82050
78702
78708
79389
79396
79398
79400
79407
79415
79417
79418
79422
79425
79432
79436
79439
79442
79445
79447
79455
79459
79463
79468
79477
79479
79482
79485
79493
79496
79501
78709
78718
78736
78741
78742
78755
78761
78770
78773
78777
78790
78793
78798
78799
78805
78808
78817
78823
78833
78834
78837
78840
78847
78854
78857
78859
78860
79505
79513
79515
79521
79524
79535
79538
79541
79544
79462
79558
79562
79572
75844
79578
79584
79592
79579
79597
79599
79602
79609
79610
79613
79617
79625
79627
78862
78865
78869
78872
78875
78880
78884
78885
78893
78900
78902
78908
78910
78914
78917
78920
78930
78939
78946
78950
78956
78958
78965
78968
78970
78973
78980
79633
79635
79636
79640
79648
79652
79655
79653
79669
79670
79674
79675
79682
79686
79689
79695
79702
79705
79709
79708
79715
79720
79727
79730
79731
79735
79745
78984
78988
78990
78997
79000
79005
79006
79015
79020
79022
79028
79036
79042
79045
79051
79053
79062
79070
79071
79076
79083
79091
79090
79105
79108
79110
79112
79748
79751
79754
79757
79763
79767
79782
79789
79812
79815
79818
79826
79829
79832
79848
79854
79850
79859
79867
79868
79874
79877
79880
79891
79893
79899
79908
75909
79118
79125
79126
79130
79139
79143
79159
79164
79165
79170
75840
79181
79184
79194
79196
79198
79188
79209
79204
79212
79216
79227
79229
79231
79234
79242
79911
79914
79915
79920
79932
79935
79938
79940
79949
79952
79957
79958
79970
79975
79977
79979
79992
79996
79993
80002
80005
80013
80016
80019
80012
80031
80033
79243
79248
79258
79264
79268
79274
75894
79271
79285
79287
79289
79293
79303
79306
79309
79312
79315
79327
79328
79331
79334
79345
79348
79352
79362
79367
79370
80037
80041
80044
80058
80061
80064
80075
80077
80081
80084
80087
80095
80098
80102
80106
80099
80116
80120
80119
80125
80127
80135
80141
80145
80147
80159
80163
79375
79385
79388
79391
79394
79401
79406
79409
79412
79419
79427
79428
79438
79441
79446
79448
79452
79461
79464
79467
79471
79475
79481
79489
79498
79500
79502
80164
80166
80169
80177
80180
80182
80189
80192
80200
80203
80206
80209
80217
80222
80227
80234
80245
80248
80251
80255
80261
79717
80266
80271
80273
80280
80283
79507
79510
79520
79522
79537
79543
79547
79550
75910
79561
79563
79567
79569
79577
79580
79583
79586
79589
79596
79600
79604
79605
79612
79615
79618
79621
79630
80286
80289
80294
80307
80310
80312
80314
80316
80326
80329
80322
80337
80348
80349
80354
80358
80364
80368
80370
80373
80374
80378
80387
80393
80398
80408
80414
73881
73899
73901
73905
73908
73919
73923
73926
73941
73948
73952
73959
73968
73978
73981
73987
73991
74001
74013
74019
74049
74052
74060
74063
74066
69210
74075
74078
74081
74084
74087
74096
74104
74111
74114
74118
74124
74126
74127
74141
74151
74154
74163
74170
74173
74184
74185
74199
74202
74211
74215
74223
74226
74233
74230
74241
71061
74252
74257
74268
74271
74274
74279
74284
74299
74306
74309
74312
74315
74321
74322
74329
74334
74356
74354
74358
74359
74370
74375
74386
74399
74403
74413
74417
74433
74445
74448
74452
74456
74459
74462
74464
74472
74475
74478
74483
74488
74489
74495
74500
74502
74507
74509
74521
74523
74526
74527
74530
74532
74536
74539
74541
74552
74564
74377
74568
74571
74573
74583
74590
74593
74601
74604
74616
74622
74628
74633
74636
74641
74644
74652
74662
74664
74666
74672
74675
74687
74691
74698
74713
74715
74722
74724
74729
74730
74731
74734
74741
74744
74748
74753
74756
74758
74761
74766
74769
74770
74777
74778
74784
74793
74801
74817
74821
74831
74836
74840
74843
74850
74859
74863
74875
74880
74886
74889
74894
74895
74897
74918
74919
74921
74922
74928
74931
74933
74941
74942
74958
74966
74972
74979
74978
74982
74987
74993
74998
75000
75003
75010
75013
75026
75031
75032
75036
75046
75052
75055
75063
71374
71430
71435
71439
71462
71461
71519
71524
76060
76062
76070
76076
76078
76081
76084
76092
76095
76098
76101
75860
76112
76115
76118
76121
76124
76127
76133
76139
76136
76144
76160
76163
76166
76169
76179
76778
76787
76789
76804
76807
76811
76822
76824
76825
76835
76841
76842
76847
76853
76856
76867
76870
76872
76873
76878
76880
76887
76894
76897
76909
76914
76920
69999
70024
70049
70105
70135
70155
70219
70238
70288
70319
70333
70338
70344
70352
70360
70379
70439
70456
70515
70527
70592
70626
70636
70670
70679
70699
70707
76182
76185
76183
76190
76198
76205
76208
76211
76223
76227
76230
76237
76244
76247
76254
76253
76263
76251
76274
76286
76292
76298
76303
72414
76312
76315
76317
76931
76940
76942
76951
76955
76964
76969
76972
76984
76994
76998
77000
77003
77020
77029
77032
77042
77066
77070
77075
77088
77095
77098
77108
77111
77115
77123
70714
67935
67953
67989
68001
68025
68077
68109
68117
68204
68342
68353
68366
68392
68413
68439
68454
68499
68501
68524
68548
68575
68656
68037
76320
76334
76336
76339
76344
76353
76365
76369
76377
76380
76386
76389
76399
76405
76408
76415
76419
76425
76436
70167
76464
76479
76485
75836
76499
76507
76510
77129
77137
77139
77142
77145
77157
77162
77169
77173
77175
77180
77184
77189
77191
77200
77206
77219
77221
77225
77229
77234
77243
77240
77249
77258
77261
77264
76513
76519
76524
76527
76529
76531
76539
76542
76545
76548
76550
76558
76551
76561
76567
76570
76583
76585
76597
76599
76611
76619
76621
76626
76632
76637
76641
77266
77273
77278
77280
77283
76540
77292
77294
77296
77300
77308
77311
77314
77323
77327
77328
77335
77341
77349
77353
77359
77362
77367
77369
77376
77384
77386
76659
76661
76680
76688
76699
76702
76705
76710
76721
76723
76725
76733
76736
76740
76742
76743
76746
76627
76757
76761
76767
76772
76773
76783
76785
76793
76794
77393
77397
77399
77402
77411
77417
77429
77431
77433
77435
77444
77447
77452
77456
77466
77469
77473
77475
77485
77486
77489
77492
77496
77504
77507
77513
77521
76795
76808
76816
76818
76830
76834
76837
76839
76846
76849
76851
76862
76864
76874
76875
76881
76882
76890
76895
76905
76908
76910
76912
76918
76922
76924
76926
77525
77528
77530
77533
77544
77547
77548
77565
77566
77569
77574
77586
77597
77600
77603
77606
77614
77619
77624
77627
77632
77635
77638
77641
77653
77655
77659
76939
76941
76959
76961
76963
76965
76967
76977
76980
76982
76989
76992
76996
76999
77009
77011
77014
77017
77025
77027
77033
77034
77044
77047
77048
77052
77061
77668
77670
77676
77682
77683
77688
77689
77693
77696
74879
77701
77712
77715
77718
77725
77729
77735
77738
77743
77747
77750
77753
74029
74036
74042
74050
74053
77068
77073
77076
77079
77082
77091
77093
77100
77105
77109
77119
77121
77124
77132
77136
77143
77155
77158
76027
77168
77172
77186
77187
77190
77196
77198
77199
74056
74059
74062
74068
74077
74085
74092
74098
74100
74109
74115
74128
74140
74142
74145
74150
74167
74179
74181
74183
74189
74191
74205
74210
74218
74236
74244
