21211
21213
21220
21249
21257
21258
21270
21283
21293
21323
21336
21373
21377
21392
21358
21400
21409
21414
21428
21431
21440
21474
21484
21489
21493
21496
21501
18709
18648
18714
18729
18732
18735
18741
18743
18756
18774
18782
18799
18803
18813
18823
18827
18829
18836
18840
18845
18866
18869
18883
18886
18893
18899
18903
21511
21514
21530
21532
21540
21552
21558
21564
21573
21577
21602
21613
21616
21620
21639
21654
21678
21715
21723
21750
21765
21768
21775
21807
18781
18793
18806
18906
18910
18935
18941
18968
18970
18995
19004
19017
19031
19032
19034
19064
19072
19081
19095
15482
15490
15496
15502
15505
15513
15516
15526
15534
15540
15546
18812
18822
18832
18839
18849
18858
18859
18860
18874
18881
18884
18887
18890
18894
18908
18939
18942
18955
18957
18958
18973
18977
18988
18989
19018
19046
19049
15567
15577
15579
15589
15599
15607
15639
15648
15667
15673
15684
15693
15704
15707
15734
15737
15743
15746
15752
15754
15757
15760
15763
15774
15793
15797
15815
19054
19059
19065
19067
19071
19078
19079
19086
19099
19102
19105
19107
19117
19135
19145
19166
19167
19187
19189
19194
19201
19217
19232
19235
19236
19246
19256
15816
15837
15850
15852
15859
15873
15879
15890
15896
15913
15916
15920
14476
15933
15936
15939
15950
15953
15956
15972
15975
15978
15982
15992
15998
16001
16004
19258
19266
19269
19275
19291
19307
19309
19317
19320
19331
19349
19359
19368
19385
19389
19391
19402
19405
19408
19422
19428
19431
19445
19455
19465
19466
19483
16010
16018
16021
16024
16034
16037
16039
16051
16054
16057
16060
16077
16082
16096
16101
16106
16119
16127
16135
16139
16141
16144
16150
16164
16175
16178
16183
19492
19495
19517
19532
19555
19558
19569
19571
19578
19590
19599
19614
19633
19639
19653
19657
19658
19661
19665
19675
19681
19684
19693
19695
19697
19705
19713
16195
16198
16218
16228
16238
16241
16258
16264
16267
16273
16284
16287
16293
16310
16313
16324
16334
16351
16368
16371
16388
16394
16405
16408
16417
16420
16440
19719
19721
19725
19728
19739
19742
19748
19754
19762
19765
19769
19785
19802
19805
19831
19846
19851
19862
19882
19885
19888
19902
19909
19911
19922
19925
19945
16449
16458
16469
16478
16490
16493
16499
16522
16536
16562
16573
16576
16579
16594
16603
16614
16626
16640
16643
16646
16649
16656
16676
16679
16685
16688
16696
19948
19956
19958
19965
19973
20002
20005
20034
20053
20083
20099
20123
20134
20139
20142
19587
20146
20174
20202
20226
20243
20247
20267
20299
20303
20316
20330
16699
16702
16708
16719
16728
16731
16752
16762
16768
16779
16786
16789
16800
16803
16812
16823
16826
16829
16840
16859
16866
16870
16874
16873
16883
16903
16906
20335
20357
20365
20379
20385
20411
20424
20430
20432
20437
20455
20521
20543
20562
20567
20581
20585
20594
20609
20619
16952
16955
16973
16982
16988
17002
17011
17014
17025
17028
17043
17045
17050
17053
17070
17071
17081
17089
17105
17108
17114
17125
17128
17131
17134
17149
17152
17155
17165
17168
17171
17180
17194
17197
17200
17211
17218
17229
17232
17238
17253
17265
17276
17279
17282
17285
17296
17298
17302
17305
17320
17326
17337
17340
17349
17361
17384
17390
17393
17396
17407
17410
17419
17439
17453
17459
17471
17477
17480
17483
17491
17495
17510
17516
17526
17530
17548
17551
17554
17562
17565
17587
17591
17611
17614
17674
17686
17689
17701
17713
17717
17724
17735
17756
17765
17767
17773
17780
17784
17788
17795
17808
17817
17834
17842
17858
17861
17862
17873
17875
17887
17890
17893
17898
17901
17909
17926
17928
17935
17939
17947
17949
17952
17970
17974
17977
17983
18004
18019
18042
18049
18050
18063
18068
18076
18081
18086
18093
18105
18109
18134
18115
18150
18156
18168
18191
18199
18201
18213
18234
18265
18273
18298
18305
18315
18319
18324
18329
18350
18367
18390
18397
18409
18412
18423
18436
18462
18482
18488
18513
18527
18533
18537
18545
18547
18553
18565
18570
18572
18578
18584
18588
18594
18598
18607
18611
18614
18626
18633
18649
18653
18666
18678
18700
18494
18708
18710
18712
18730
18751
15153
15159
15165
15179
15198
15205
15222
15225
15228
15239
15242
15265
15268
15278
15281
15284
15290
15305
15308
15311
15322
15325
15328
15332
15340
15343
15346
15353
15355
15365
15371
15385
15388
15391
15393
15407
15410
15427
15444
15450
15469
15472
15485
15488
15491
15514
15517
15520
15532
15535
15538
15555
15561
15578
15581
15593
15598
15602
15616
15643
15657
15679
15696
15699
15705
12311
15714
15715
15716
15720
15735
15738
15741
15747
15755
15758
15778
15786
15794
15798
15801
15809
15827
15829
15848
15854
15885
15891
15894
15897
15908
15911
15914
15926
15929
15934
15937
15948
15954
15957
15964
15970
15974
15977
15990
15993
15999
16007
16011
16038
16046
16049
16052
16055
16072
16076
16083
16095
16100
16117
16121
16167
16170
16176
16020
16180
16187
16196
16199
16204
16219
16222
16225
16233
16236
16239
16242
16245
16259
16262
16268
16276
16279
16285
16299
16302
16308
16319
16337
16340
16344
16349
16360
16366
16372
16385
16389
16406
16409
16429
16435
16456
16464
16485
16491
16494
16505
16514
16517
16528
16531
16545
16557
16565
16568
16574
16577
16580
16592
16598
16601
16609
16612
16638
16641
16655
16657
16671
16674
16677
16683
16700
16703
16711
16714
16737
16740
16743
16754
16756
16760
16763
16773
16775
16801
16804
16807
16838
16858
16861
16867
16878
19199
19205
19213
19210
19220
19230
19233
19240
19261
19274
19286
19289
19297
19301
19311
19315
19318
15677
15680
15691
15694
15697
15703
15712
15725
15728
15731
15736
15748
15751
15764
15770
15773
15781
15790
15795
15796
15804
15814
15847
15849
15853
15860
15863
15880
15883
15889
15900
15918
15927
15943
15949
15952
15980
15986
16012
16025
16028
16033
16044
16047
16053
16064
16070
16073
16088
16091
16112
16115
16125
16134
16168
16171
16174
16188
16190
16197
16213
16231
16248
16251
16257
16260
16263
16271
16277
16283
16292
16297
16300
16303
16314
16323
16345
16343
16362
16364
16367
16384
16387
16401
16404
16407
16421
16427
16448
16451
16459
16462
16479
16486
16503
16509
16512
16526
16532
16540
16543
16552
16572
16575
16583
16590
16593
16596
16604
16607
16633
16644
16647
16658
16672
16692
16694
16698
16706
16713
16715
16718
16729
16732
16738
16741
16750
16758
16761
16776
16793
16796
16799
16802
16813
16830
16833
16843
16850
16860
16863
16876
16879
16882
16885
16902
16914
16917
16935
16941
16947
16958
16965
16968
16971
16986
16997
17000
17003
17009
17020
17026
17029
17032
17042
17046
17056
17059
17068
17076
17079
17082
17086
17088
17097
17100
17103
17106
17112
17123
17141
17144
17147
17161
17166
17192
17195
17216
17224
17230
17248
17251
17257
17268
17271
17274
17288
17291
17300
16910
16913
16924
16931
16937
16945
16954
16990
16993
16996
16999
17010
17016
17027
17040
17047
17065
17073
17075
17078
17093
17113
17116
17133
17136
17139
17151
14396
14406
14410
14413
14416
14419
14449
14452
14463
14464
14468
14486
14488
14503
14507
14517
14524
14543
14559
14562
14564
14583
14586
14589
14595
14603
14606
17308
17311
17318
17332
17338
17341
17344
17358
17360
17363
17366
17378
17386
17388
17399
17405
17408
17414
17422
17430
17462
17465
13891
13940
13990
14007
14010
17157
17162
17170
17179
17182
17185
17199
17202
17221
17223
17226
17242
17240
17264
17267
13669
13689
13270
13718
13739
13774
13795
13842
13860
13874
13884
13902
14623
14642
14651
14664
14668
14674
14677
14688
14696
14701
14710
14713
14716
14725
14730
14736
14739
14747
14749
14754
14768
14771
14776
14779
14796
14808
14811
14019
14035
14061
14081
14084
14092
14095
14105
14119
14122
14132
14135
14144
14155
14172
14180
14197
14200
14218
14224
14236
14260
14263
14271
14275
14296
14331
13922
13928
13937
13939
13944
13982
13985
14006
14017
14020
14023
14026
14031
14044
14053
14091
14103
14106
14109
14112
14115
14125
14128
14134
14142
14154
14165
14814
14817
14820
14846
14850
14857
14860
14868
14877
14880
14891
14903
14914
14917
14923
14931
14933
14937
14943
14981
14984
14995
15018
15021
15024
15040
15051
14335
14337
14347
14354
14360
14377
14385
14395
14398
14401
14404
14412
14415
14418
14433
14439
14454
14467
14479
14485
14489
14502
14508
14523
14529
14544
14546
14171
14187
14190
14208
14217
14225
14249
14261
14264
14267
14285
14294
14299
14322
14330
14341
14348
14350
14364
14367
14378
14391
14402
14408
14423
14428
14443
15059
15062
15064
15083
15086
15089
15101
15104
15112
15125
15132
15143
15146
15155
15164
15166
15173
15175
15187
15190
15192
15209
15218
15226
15237
15252
15271
14549
14565
14567
14571
14573
14577
14591
14596
14614
14620
14636
14647
14650
14654
14656
14662
14673
14678
14682
14698
14709
14712
14721
14732
14735
14738
14758
14453
14455
14465
14466
14470
14475
14478
14481
14490
14493
14498
14501
14504
14518
14521
14525
14533
14536
14539
14554
14560
14566
14574
14581
14584
14587
14618
15274
15277
15280
15291
15295
15298
15301
15315
15318
15336
15339
15342
15352
15358
15361
15364
15372
15378
15411
15417
15426
15434
15440
15446
15454
15457
15460
14764
14781
14795
14806
14813
14819
14822
14824
14833
14836
14839
14842
14845
14853
14856
14862
14865
14879
14881
14888
14899
14902
14905
14908
14916
14928
14936
14621
14627
14640
14643
14660
14666
14669
14686
14689
14692
14699
14704
14705
14711
14728
14748
14753
14762
14769
14772
14782
14785
14788
14815
14823
14826
14843
15466
15487
15495
15518
15525
15529
15531
15547
15551
15571
15594
15603
15609
15612
15659
15675
15689
15692
15698
15706
15708
15726
15729
15739
15742
15745
15756
14939
14948
14969
14980
14983
14986
15003
15006
15009
15029
15032
15036
15053
15054
15065
15068
15073
15076
15085
15094
15097
15108
15114
15119
15127
15131
15134
14849
14852
14866
14869
14875
14887
14889
14892
14895
14898
14906
14912
14918
14925
14929
14932
14935
14938
14952
14955
14958
14976
14993
14999
15013
15016
15019
12167
12173
12191
12220
12223
12248
12317
12364
12386
12402
12489
12501
12547
12701
12771
12789
12794
12814
12845
12907
12921
12963
13057
13067
13083
13102
13107
15137
15140
15148
15151
15154
15158
15160
15180
15185
15194
15196
15204
15217
15231
15238
15240
15260
15273
15282
15294
15297
15300
15303
15314
15317
15326
15335
15022
15033
15038
15041
15044
15047
15055
15057
15060
15063
15066
15074
15081
15105
15118
15123
15126
15130
15141
15144
15147
15150
15161
15178
15181
15184
15201
13145
13160
13167
13256
13313
13350
13383
13408
13417
13430
13455
13479
13521
13537
13594
13634
13674
13704
13744
13761
13789
13812
13820
13823
13861
13869
13883
15344
15331
15363
15366
15389
15397
15400
15408
15422
15425
15431
15445
15459
15465
15468
15477
15483
15486
15506
15515
15530
15536
15548
15553
15568
15570
15576
15580
15597
15620
15628
15634
15638
15655
12086
12160
12198
12225
12256
12285
12301
12305
12319
12334
12359
12381
12421
12427
12437
12472
12570
12641
12800
12816
12846
12964
13007
13025
13043
13118
13201
13251
13254
13262
13330
13371
13442
13474
13523
13606
13678
13685
13696
13705
13709
13785
13831
10311
10349
10364
10386
10388
10462
10562
10685
10818
11002
11025
11131
11148
11214
11222
11360
11408
11538
11553
11614
11636
11702
11727
11741
11814
11894
11895
10099
10205
19749
19766
19775
19778
19789
19798
19815
19829
19835
19840
19849
19852
19855
19858
19869
19876
19878
19893
19901
19918
19923
19931
19934
19944
19955
19964
19976
13943
10443
10519
10700
10706
10757
10814
10856
11056
11089
11158
11190
11204
11233
11259
11292
11334
11503
11505
11530
11751
11868
11937
11967
12014
12075
12115
20041
20049
20081
20084
20091
20103
20116
13987
20147
20155
20160
20166
20173
20176
20184
20186
20207
20210
20228
20235
20239
20242
20249
20287
20296
20307
20318
10068
10130
10229
10252
10319
21254
21264
21297
21303
21324
21327
21339
21354
21357
21368
21374
21378
21386
21390
21393
21396
21398
21402
21420
21423
21426
21437
20356
20363
20369
20371
20384
20388
20398
20401
20404
20422
20425
20438
20443
20445
20454
20468
20465
20491
20492
20499
20513
20523
20528
20536
20539
20545
20558
21445
21461
21477
21482
21487
21509
21512
21527
21529
21533
21535
21550
21578
21603
21624
21627
21655
21658
21695
21706
21724
21731
21739
21742
21745
21748
21787
20564
20566
20572
14384
20587
20612
20620
20624
20662
20666
20676
20682
20688
20695
20710
20727
20731
20737
20740
20750
20759
20763
20772
20777
20791
20810
20829
19325
19343
19347
19350
19356
19360
19363
19366
19377
19380
19394
19400
19406
19409
19417
19420
19436
19440
19446
19449
19458
19460
19485
19490
19501
19504
19510
20804
20837
20842
20859
20871
20882
20885
20894
20898
20900
20907
20915
20924
20934
20960
20970
20973
20981
20984
20995
21003
21004
21020
21024
21030
20516
21033
19523
19534
19541
19547
19561
19567
19573
19575
19584
19588
19594
19596
19611
19613
19631
19637
19640
19651
19656
19692
19696
19699
19711
19723
19734
19743
19759
21060
21075
21096
21099
21104
21106
21112
21124
21137
21138
21152
21164
21168
21182
21184
17564
17571
17580
17583
17604
17618
17627
17647
17655
17679
17688
17699
19783
19824
19834
19842
19844
19854
19857
19860
19863
19866
19877
19897
19908
19920
19926
19937
19940
19968
19978
19983
19994
20014
20072
20115
20120
20126
20137
17702
17712
17720
17731
17737
17771
17739
17706
17798
17806
17813
17816
17860
17866
17888
17904
17956
17958
17967
17986
17987
17993
17994
18005
18008
18011
18024
20151
20157
20159
20175
20178
20189
20193
20200
20238
20246
20275
20290
20308
20310
20312
20319
20353
20351
20387
20393
20406
20416
20427
20434
20449
20467
20473
18025
18028
18059
18072
18078
18087
18089
18099
18101
18130
18133
18135
18142
18146
18154
18163
18174
18181
18200
18202
18207
18209
18212
18218
18221
18227
18238
20487
20497
20501
20511
20517
20541
20548
20556
20560
20575
20584
20586
20590
20599
20602
20622
20637
20643
20652
20658
20664
20680
20700
20701
20702
20707
20720
10393
10466
10564
10590
10667
10718
10747
10793
10873
10876
10961
10979
11041
11048
11052
11135
11157
11195
11219
11231
11247
11362
11388
11443
19104
19112
19119
19131
19134
19154
19160
19162
19164
13502
19179
19183
19196
19216
19215
19231
19239
19242
19260
19263
19271
19272
19281
19285
19288
19303
19327
19330
19348
19341
19364
19367
19372
19376
19384
19390
19407
19410
19419
19430
19451
19454
19470
19471
19474
19494
19500
19518
19524
19531
19533
19540
19543
19562
19580
19586
19598
19604
19618
19627
19641
19647
19650
19669
19680
19683
19689
19698
19700
19703
19707
19710
19727
19733
19741
19747
19750
19768
19773
19804
19813
19833
19845
19864
19873
19887
19890
19910
19913
19919
19927
19950
19975
19987
19996
20033
20082
20138
20148
20161
20167
20179
20182
20211
20214
20217
20225
20230
20232
20240
20251
20279
20281
20289
20315
20317
20332
20348
20364
20381
20389
20397
20402
20420
20435
14444
20457
20464
20477
20488
20490
20495
20510
20514
20527
20534
20540
20557
20576
20610
20611
20613
20633
20650
20657
20659
20604
20674
20719
20722
20732
20736
20748
20749
20760
20767
20773
20775
20786
20807
20811
20813
20825
20827
20831
20835
20838
20855
20858
20860
20857
20868
20870
20904
20909
20919
20921
20937
20925
20962
20966
20982
20989
21011
21015
21016
21026
21028
21031
21034
21038
21045
16350
16356
16359
16373
16376
16382
16393
16396
16399
16402
16416
16419
16422
16425
16436
16439
16442
16445
16454
16457
16460
16463
16466
16477
16480
16483
16495
16519
16524
16527
16541
16544
16547
16564
16581
16584
16591
16599
16602
16605
16619
16625
16628
16631
16648
16651
16661
16667
16673
16684
16687
16693
16701
16704
16707
16724
16730
16733
16747
16751
16753
16764
16788
16794
16797
16808
16811
16817
16825
16831
16834
16836
16845
16852
16854
16868
16877
16880
16888
16891
16894
16900
16909
16930
16933
16939
16953
16957
16963
16966
16974
16975
16978
16981
16992
17004
17012
17015
17018
17021
17036
17041
17051
17057
17072
17080
17083
17098
17107
17118
17138
17142
17148
17160
17164
17175
17178
17187
17198
17201
17205
17210
17219
17225
17244
17246
17263
17272
17275
17283
17286
17289
17295
17306
17312
17324
17333
17336
17347
17356
17359
17364
17317
17383
17385
17409
17417
17420
17423
17426
17429
17438
17440
17442
17446
17449
17457
17460
17487
17490
17492
17522
17534
17537
17539
17542
17545
17552
13952
13963
13968
13971
13973
13981
14005
14008
14022
14025
14033
14049
14059
14067
14079
14087
14108
14111
14120
14127
14139
14150
14156
14167
14173
14178
14181
14184
14195
14201
14237
14240
14248
14251
14255
14258
14281
14290
14293
14303
14343
14346
14349
14355
14363
14372
14388
14390
21053
21072
21078
21083
21093
21094
21097
21102
21105
21107
21115
21120
21122
21130
21132
21150
21151
21162
21166
21179
21185
21196
21204
21205
21234
21272
21279
21284
21286
21287
15067
21304
21305
21338
21342
21345
21353
21359
21367
21401
21419
21430
21433
21450
21473
21497
21503
21513
21523
21536
21539
21547
21563
21582
21585
21604
21609
21617
21621
21638
21645
21648
21710
21714
21732
21736
21741
21777
17278
17287
17290
17310
17322
17328
17345
17354
17362
17369
17375
17377
17381
17395
17397
17403
17421
17424
17473
17476
17500
17504
17514
17520
17527
17529
17535
17547
17550
17553
17556
17559
17590
17593
17599
17607
17610
17616
17636
17642
17653
17673
17680
17684
17697
17719
17723
17726
17750
17755
17758
17770
17776
17781
17810
17814
17833
17837
17856
17877
17894
17906
17914
17917
17931
17959
17961
17973
17982
17990
17998
18022
18038
18044
18048
18057
18080
18085
18088
18090
18095
18124
18131
18138
18140
18147
18160
18162
18177
18187
18206
18214
18224
18241
18258
18270
18272
18286
18289
18292
18303
18323
18328
18331
18343
18349
18352
18355
18371
18376
18384
18392
18399
18401
18411
18413
18416
18425
18434
18440
18450
18453
18469
18468
18484
18502
18517
18526
18530
18540
18552
18564
18566
18583
18569
18600
18621
18630
18635
18656
18665
18672
18667
18680
18682
18699
18702
18705
20639
20329
20667
20668
20671
20673
20684
20708
20714
20739
20746
20757
20764
20768
20788
20798
20822
20828
20833
20850
20862
20881
20884
20901
20906
20917
20939
20943
20946
20955
20961
20968
18915
20986
21005
21022
21025
21040
21050
21073
21090
21103
21109
21146
21148
21154
21163
21175
21180
21181
21189
21193
21195
21200
16890
16901
16904
16911
16929
16932
16940
16943
16946
13423
13487
13515
13525
13528
13532
13593
13651
13667
13670
13765
13850
13890
13920
13931
13956
13962
14014
13853
14042
14080
14083
14086
14102
14104
14126
14129
14157
14160
14162
14179
14182
14185
14188
14191
14194
14202
14206
14209
14212
14220
14229
14256
14265
14268
14280
14295
14300
14317
12822
14339
14345
14352
14382
14397
14400
14403
14407
14409
14421
14429
14435
14441
14445
14469
14471
14473
14477
14487
14491
14494
14499
14505
14510
14513
14516
14528
14537
14552
14555
14558
14561
14569
14582
14585
14593
14597
14602
14613
14619
14625
14633
14635
14638
14653
14658
14665
14679
14681
14697
14715
14720
14729
14737
14740
14743
14750
14760
14767
14770
14777
14783
14786
14789
14797
14801
14804
14807
14810
14848
14878
14884
14890
14900
14904
14910
14913
14930
14934
14941
14944
14947
14950
14953
14965
14971
14985
14988
14991
15008
15017
15025
15034
15039
15035
15037
15052
15056
15058
15075
15079
15096
15099
15103
15110
15113
15117
15121
15124
15142
15145
11556
11609
11768
11778
11847
11857
11975
12002
12031
12057
12076
12087
12308
12356
12439
12464
12538
12541
12640
12669
12679
12744
12803
12858
12926
12930
12935
12981
13045
13060
13089
13111
13114
13155
13177
13206
13318
13337
10056
10126
10159
10169
10239
10248
10259
10313
15210
15227
15233
15241
15244
15247
15264
15270
15289
15293
15296
15304
15310
15313
15324
15327
15330
15334
15337
15345
15348
15354
15367
15379
15396
15399
15412
15415
15421
15429
15432
15435
15438
15441
15449
15455
15458
11944
12027
12107
12148
12153
12168
12171
12177
12189
12229
12278
12355
12358
12373
12417
12429
12563
12576
12580
12617
12659
12713
12805
12807
12997
13019
13026
13053
13188
13198
13219
13227
13283
13453
13483
13485
13613
10087
10106
10150
10167
10213
10304
10373
10573
10647
10674
10701
10720
10958
11000
11137
11198
11218
11224
11253
11483
11507
11531
11545
11584
11616
11693
11698
11725
11748
11750
11758
11789
11845
11866
10077
21218
21230
21242
21251
21253
21259
21265
21267
19326
21271
21282
21292
21294
21299
21314
21313
21319
21334
21337
21344
21350
21366
21370
21372
21391
21404
21424
21448
21454
21475
21478
21485
21502
21505
21516
21522
21525
21528
21538
21545
21553
21572
21587
21590
21595
21606
21612
21619
21625
21628
21656
21669
21673
21676
21693
21713
21725
21743
21757
21763
21779
19369
19378
19388
19392
19395
19415
19423
19432
19435
19444
19453
19456
19463
19468
19476
19488
19496
19499
19502
19519
19525
19528
19539
19542
19548
19556
19560
19565
19572
19579
19583
19603
19609
19620
19624
19626
19643
19646
19649
19652
19662
19674
19715
19718
19735
19746
18243
18252
18260
18262
18264
18271
18288
18291
18293
18297
18309
18314
18318
18327
18340
18357
18394
18400
18403
18415
18426
18420
18433
18439
18441
18452
18455
18459
18471
18475
18478
18489
18495
18498
18528
18536
18539
18544
18557
18559
18571
18587
18589
18603
18610
18622
18638
18644
18661
18670
18673
18686
18701
18720
18721
18723
18752
18762
18777
18790
18792
18805
18833
18837
18843
18848
18850
18851
18853
18872
18879
18885
18891
18898
18911
18913
18921
18928
18932
18945
18948
18944
18961
18965
18967
18985
18996
19000
19013
19023
19030
19035
19036
19037
19043
19060
19066
19068
19070
19077
19088
19108
19116
19127
19133
19138
19143
19148
19153
19155
19170
19182
15100
19209
19214
19225
19245
19248
19255
19259
19265
19276
19277
19287
19298
19310
19316
19319
19335
19342
19352
19357
19361
15762
15765
15768
15776
15779
15788
15799
15802
15805
15808
15811
15818
15821
15823
15833
15836
15845
15813
15858
15861
15867
15884
15887
15901
15904
15915
15922
15928
15947
15958
15965
15973
15976
15984
16006
16023
16029
16042
16045
16056
16062
16066
16071
16081
16084
16085
16102
16107
16123
16126
16129
16132
16143
16149
16157
16161
16163
16169
16177
16185
16191
16201
16205
16224
16232
16235
16243
16246
16249
16252
16269
16272
16275
16278
16286
16289
16291
16315
16318
16329
16333
16336
16339
20723
20724
20733
20741
20745
20761
20779
20802
20824
20848
20851
20869
20872
20879
20889
20941
20972
20983
20987
20990
21009
21012
21019
21054
21066
21084
21089
21095
21111
21139
21140
21144
21149
21174
21198
20068
17475
17489
17496
17505
17509
17512
17515
17528
17541
17546
17549
17560
17563
17566
17579
17582
17585
17600
17606
17640
17652
17663
17668
17683
17690
17693
17704
17711
17725
17743
17752
17761
17766
17768
17774
17778
17782
17794
17802
17815
17822
17823
17812
17840
17847
17854
17857
17859
17871
17884
17889
17892
17921
17925
17969
17971
17972
17978
17995
17997
18007
18013
18027
18030
18036
18045
18051
18055
18056
18066
18107
18113
18116
18123
18145
18159
18166
17849
18192
18194
18195
18208
18225
18242
18244
18249
18259
18266
18299
18311
18317
18322
18336
18339
18353
18361
18363
18369
18375
18380
18393
18396
18402
18424
18427
18429
18446
18457
18474
18477
18491
18492
18509
18512
18529
18538
18548
18551
18561
18576
18579
18593
18599
18612
18615
18623
18627
18637
18641
18650
18671
18695
18703
18748
18760
18763
18765
18773
18804
18807
18810
18817
18828
18830
18834
18841
18855
18863
18867
18873
18877
18880
18889
18914
18924
18940
18950
18952
18956
18962
18978
18997
19016
19025
19033
19063
19080
19084
19097
19103
19113
19115
19126
19137
19152
19158
19161
19169
19175
19193
