36255
36263
36267
36264
36271
36274
36282
36295
36307
36311
36330
36332
35182
36346
36353
36355
36368
36370
36373
36376
36384
36388
36391
36393
36397
36417
36420
36434
36450
36453
36456
36459
36462
36465
28339
36481
36484
36492
36498
36504
36512
36514
36517
36525
36557
36560
36563
36566
36571
36579
36584
36599
36608
36614
36646
36670
36685
36696
36707
36709
36720
36725
36730
36734
32983
36737
36749
36767
36785
36797
36806
36812
36816
36818
36833
36835
36841
36851
36860
36864
36876
36880
36882
36905
36918
36924
36927
36935
36938
36944
36947
36957
36965
36969
36972
36980
36986
36993
37000
37003
37009
37017
37027
37034
37041
37046
37056
37067
37075
37078
37081
37084
37087
37095
37098
37102
37106
37109
37120
37126
37132
37138
37141
37145
37149
37154
37170
37174
37187
37196
37207
37212
37217
37220
37231
37233
37237
37249
37252
37258
37276
37279
37293
37295
37297
37302
37312
37315
37336
37345
37355
37359
37361
37367
37379
37381
37396
37399
24205
37405
37408
37419
37422
37433
37437
37440
37444
37451
37460
37470
37478
37482
37499
37502
21760
37515
37519
37525
37528
37534
37545
37551
37552
37559
37565
37567
37570
37584
37589
37601
37613
37616
37618
37621
37628
37644
37665
37668
37676
37681
37693
37713
37717
37742
37743
37755
37773
37786
37807
37822
37830
37844
37851
37854
37857
37862
26923
27009
27022
27062
27194
27227
27271
27289
27292
27321
27377
27426
27461
27518
27554
27564
27572
27665
27840
27913
27946
28195
28225
28325
28346
28412
28428
28502
28678
28766
23173
23266
23312
23403
23481
23681
23762
23975
24029
24094
24278
24311
24495
24673
24838
24904
21421
21569
21644
21730
21958
22024
22316
22413
22476
22479
22558
22600
22734
22799
22852
22939
23015
23046
23048
23085
19559
19600
19688
19756
19832
20087
20165
20201
20215
20305
20580
20718
20861
20965
20988
21007
21014
21091
21119
17595
17601
17621
17729
17759
17852
17916
13052
18247
18351
18787
18818
18925
18953
18983
19180
19238
19293
15944
16433
16622
16721
16770
16828
16865
16936
17228
17303
17330
17367
17374
17380
14074
14434
14446
14530
14629
14707
14756
14799
14894
14951
14978
15212
15246
15258
15312
15463
15501
15559
15588
15713
15723
15759
12140
12481
12610
12656
12925
13044
13105
13187
13407
13431
13458
13655
13663
13758
13809
36319
32943
36334
36336
36339
36348
36352
36356
36360
31557
36369
36378
36396
36416
36419
36425
36433
36441
36444
36447
36461
36463
36467
36470
36477
36486
36490
36519
36530
36544
36547
36550
36562
36574
36585
1256285
39295
39312
39315
36593
36596
36604
36616
23520
36629
36635
36651
36657
36665
36668
36674
36676
36690
32402
36698
36701
36706
36710
36713
36722
36729
36742
36747
36750
36760
36769
39995
39998
40017
36736
40038
40047
40054
40065
40069
40083
40096
40099
40114
40117
40124
40137
40145
40120
40154
40157
40172
40174
40184
40194
40198
37235
40186
40236
40273
40282
40296
40298
40312
40332
40340
40345
40359
40362
38314
40375
40381
40384
40405
40412
40426
40428
40432
40452
40454
40457
40460
40464
40481
40487
40495
40498
40504
40515
40524
40550
40553
40561
40565
40575
40583
40599
40617
40625
40638
40648
40664
40668
31417
40680
40694
40697
40704
40706
40708
40719
40728
40734
40736
40741
40743
40758
40760
40762
40787
40797
40802
40804
40824
40841
40842
40847
40849
40864
40871
40873
40881
40886
40911
40913
40916
40930
40939
40948
40952
40958
40968
40974
40982
40999
41002
41004
41022
41032
41046
41057
41059
41067
41066
41073
41079
41081
41096
41098
41099
41104
41122
41128
41130
41142
41144
41148
41150
41174
41202
41205
41229
41246
41257
41260
41263
41269
33335
41287
41305
41312
41315
41329
41332
41335
41348
41362
41365
41374
41378
41381
41406
41410
41413
41420
41433
41449
41457
41460
41473
41479
41483
41495
41498
41517
41525
41535
41546
41554
41574
37521
37527
37539
37544
37547
37550
37561
22720
37576
37582
37590
37602
37609
37619
37622
37625
37627
37630
37651
37654
37660
37666
37675
34159
37691
37701
37719
37722
37723
37724
37726
37732
37747
37751
37772
37780
37784
37790
21316
37817
37823
37832
37848
37850
37853
37863
37879
37882
37885
37891
37900
37905
37908
37915
37916
37932
37931
37941
37951
37954
37955
37961
37964
37977
37984
37986
37991
37993
20297
38011
38022
38025
38033
38049
38052
20977
22841
38080
38088
38098
38102
38121
38127
38134
38139
38144
38158
38164
38175
38183
38185
38194
38217
38225
38244
38245
38255
38259
38260
38265
38271
38275
38287
38294
38301
38303
38309
38322
38324
38334
38337
38339
38247
38351
38359
38368
38370
38384
38404
38406
38409
38414
38427
38436
38444
38451
38454
38455
38461
38465
38467
38470
38474
38504
38506
38537
38550
38552
38568
38569
38573
38580
38582
38592
38611
38613
38619
38634
38642
38649
38653
38659
38670
38672
38678
38682
38690
38711
38737
38745
38747
38753
38765
38771
38800
38828
38835
33269
38848
38853
38868
38874
36800
38889
38890
38894
38909
38914
38925
38935
38938
38952
38954
27442
38968
38978
38994
39004
39013
39020
39025
39044
39048
39067
39070
39072
39081
39084
39093
39101
39124
39125
39139
39146
39149
39154
30655
39167
39175
39191
39207
39210
39214
39217
39224
39230
38643
39246
39250
39259
39264
39273
35659
35661
35676
35679
35730
35739
35706
35745
35775
35782
35789
35791
35792
35795
35798
35813
35816
35819
35827
35828
35849
35852
35707
35867
35870
35873
35888
35890
35895
35904
35912
31237
31244
31289
31317
31324
31376
31402
31412
31518
31540
31549
31568
31585
31612
31752
31796
31809
31902
32156
32159
32260
32287
32364
32430
28624
28634
28705
36775
36779
36799
36817
36820
36837
36846
36863
36866
36871
36879
36883
36891
36893
36901
36904
36906
36926
36930
36933
36952
36962
36968
36974
36985
36988
36991
28973
28999
29099
29118
29131
29146
29211
29248
29396
29512
29612
29739
29851
29858
29899
30010
30126
30262
30471
30480
26705
26761
27140
27328
27339
27364
27395
36992
36995
37002
37008
37013
37021
37026
37029
37050
37064
37072
37080
37083
37086
37089
37092
37101
37105
37117
37128
37136
37157
37169
37175
37181
37189
37198
27448
27511
27535
27546
27555
27558
27580
27632
27758
27839
27841
27860
27927
28053
28062
28079
28321
28410
28431
24830
24861
24924
24926
25128
25211
25240
25286
37204
37210
37219
37222
37236
37239
37242
37247
37257
37260
37275
37278
37284
37287
37299
37304
37308
37309
37317
37320
37329
37349
37372
37382
37389
37407
37410
25322
25441
25484
25487
25640
25949
25990
26034
26155
26332
26544
26577
20992
21517
21651
21770
21930
21933
22084
22120
22242
22330
22391
22477
22702
22723
22878
37413
37421
37425
37427
37430
37456
37469
37472
37500
37508
37514
37517
37530
37533
37569
37573
37591
37606
37615
29019
37620
37626
37645
37678
37679
37680
37682
22962
23211
23350
23363
23599
23624
23925
23986
24130
24207
24493
24523
19139
19511
19601
19660
19722
19871
19932
19954
20293
20461
20493
20663
20699
17281
17342
37686
37688
37696
37707
37712
37714
37729
37731
37735
37738
37744
37754
37760
37778
37785
37788
28734
37824
37835
37843
37846
32489
37856
37859
37868
37889
37892
17348
17418
17441
17532
17891
18067
18121
18164
18196
18284
18308
18617
19011
15560
15583
15701
15709
15711
15740
15882
15899
16080
16290
16722
16806
16809
16864
37895
37901
37903
37906
37910
37912
37917
37925
37940
37944
37949
37957
37971
37983
37987
37996
37999
38006
38014
38017
38021
38030
38034
38037
38041
38047
38050
16916
17069
17196
13781
13847
14324
14338
14344
14411
14414
14563
14607
14805
15167
15253
15316
15359
15409
12673
12774
12855
12899
12969
13031
13103
13119
13182
38061
38065
38070
38079
38084
38089
38094
38095
38099
38101
38110
40056
40059
40073
40080
40086
40106
40125
40130
40140
40142
40146
40151
40161
40166
40171
40178
13632
13658
41602
41610
41613
41639
39786
39806
39808
39811
39826
39829
39843
39848
39862
39888
39891
39906
39912
39914
39941
39944
39948
39950
39956
39958
39970
40180
40196
40216
40188
40223
40228
39563
12715
40243
40247
40258
40261
40266
40279
40288
40302
40325
40331
40338
40353
40383
40387
40396
40400
40403
40406
40408
35915
35918
35921
35932
35936
35939
35942
35945
35971
35974
35985
35708
35990
36005
36012
36016
36024
36029
36034
36043
36046
36050
36063
36076
36074
36096
35704
36107
36112
36123
36130
36149
36151
36154
36157
36160
36167
36170
36173
36188
36191
36194
36196
36179
36210
36215
36226
31595
36246
36253
36259
36262
36266
36272
36283
36294
36303
36306
36322
36327
36345
36357
36359
36377
36380
36387
36395
36398
36418
36421
36424
36429
36452
36472
36482
36485
36488
36491
36538
36546
36553
36567
36572
36576
36568
36595
36609
36612
36615
36621
36631
36634
36637
36650
36662
36671
36681
36697
36700
36704
23151
36726
36739
36753
36755
36759
36762
36777
36788
36802
36796
36822
36826
36828
36831
36842
36845
36850
36873
36877
36884
36890
36908
36928
36937
36948
36973
36990
36994
27956
36999
37010
37016
37019
37025
37033
37068
37074
37077
37091
37110
37123
37131
37135
37159
37165
37183
37186
37200
37229
37238
37251
37268
37272
37306
37311
37314
37323
37328
37335
37343
37346
37354
37357
37369
37371
37374
37378
37385
37388
37392
37395
37398
37409
37429
37445
31825
37458
37466
37474
37479
37492
37495
37504
33944
33995
34009
34070
34257
34394
34435
34457
34461
32756
34562
34663
34825
34853
34904
34944
34982
34990
35066
35143
35216
35235
35248
35288
35317
35339
35378
35461
35528
35545
35546
35560
41397
41415
41423
41440
41439
41446
41456
41459
41462
41472
41485
41491
41500
41503
41516
41531
41544
40932
41556
41560
41566
41580
41628
38023
38029
38036
38051
38062
38073
38078
16200
38100
38103
38109
38116
38118
38125
38136
38146
38149
38152
38154
38160
38162
38166
38169
38180
38186
38192
38196
38204
38206
38214
38219
38230
38253
38257
38263
38272
38274
38283
38290
38296
38298
38326
38341
38343
38372
38374
38382
38387
38399
38411
38413
38416
38420
38425
38432
38435
38437
38443
38445
38457
38464
38471
38475
38477
38485
38510
38515
38523
38543
38548
38555
38558
38565
38575
38594
38604
38610
38620
38633
38641
38647
38648
38656
38676
38683
38685
38688
38698
38706
38707
38715
38719
38721
38727
38744
38746
38748
38779
38796
38808
38812
38820
38824
38829
38834
38606
38839
38855
38858
38861
38863
38870
38882
38884
38885
38898
38910
38911
38919
38922
38943
38955
38962
38982
38985
38988
38998
39007
39008
39023
39035
39045
39049
39052
39053
39068
39100
39102
39104
39105
39109
39112
39126
39130
39117
39144
39156
39169
39185
39189
39198
39203
39219
39220
39226
39229
39232
39235
39255
39265
39271
39275
39281
39291
39294
39296
39301
39308
39310
39314
39317
39320
39327
39329
39332
39336
39333
39345
39365
39366
39394
39396
37841
39406
39416
39421
39432
39430
39453
39454
39455
39462
39477
35586
35603
35605
35609
35619
35622
35631
35639
35645
32109
32165
32168
32237
32249
32273
32523
32536
32602
32615
32670
32704
32740
32864
32892
32914
32917
33005
33178
33310
33387
33417
33462
33467
31819
33513
33575
33606
33680
33755
33758
30175
30245
30337
30372
30447
30508
30550
30627
30696
30863
30879
30945
31002
31005
31051
31274
31433
31601
31608
31774
31775
31786
31811
28322
28352
28423
28532
28589
28682
28770
28937
28954
29081
29141
29181
29287
29311
29537
29549
29619
29702
29730
29912
29915
26360
26523
26716
26740
26812
26842
27081
27277
27280
27563
27635
27777
28019
28054
28119
24512
24554
24564
24803
24956
24994
25033
25087
25135
25193
25455
25482
25521
25633
25697
25807
25964
25969
26011
26109
22508
22552
22596
22657
22700
22741
22994
23007
23022
23025
23032
23052
23130
23355
23450
21721
23634
23687
23927
23995
24167
24402
24420
20629
20642
20818
20843
20891
20933
20940
20967
21013
21261
21277
21281
21296
21301
21447
21449
21470
21804
21844
22056
22070
22182
22217
22264
22420
22444
22454
18778
18862
19001
19062
19082
19197
19249
19452
19512
19526
19597
19602
19788
19808
19870
19991
20294
20326
20392
20452
20498
20617
17368
17373
17436
17447
17456
17570
17671
17878
17962
17996
18029
18251
18268
18307
18388
18395
18445
18479
18515
18524
18761
18769
15172
15368
15401
15404
15464
15467
15497
15541
15566
15688
15846
15905
15951
16027
16114
16122
16159
16305
16424
16818
16835
16886
16925
13374
13403
13482
13541
13553
13586
13677
40410
40413
40417
40423
40430
40433
40448
40476
40482
40485
40488
40511
40517
40523
40527
40530
40551
40554
40609
40620
40627
40630
40633
40634
40641
40646
40661
13942
13983
14055
14063
14124
14137
14146
14223
14376
14496
14534
14572
14605
14703
14974
15070
12267
12276
12491
12493
12712
12880
12995
13029
13082
13237
39921
40677
40684
40695
39831
40707
40732
40735
40740
40750
40749
40755
40757
40763
40773
40785
40796
40810
40812
40820
40823
40832
40835
40843
40854
40844
40879
40883
39928
39931
39943
39946
39952
39959
39967
39969
39978
39986
39997
40006
40009
40015
40023
40035
40042
40061
40064
40068
40071
40082
40085
40067
40092
40093
40110
40884
40895
40904
40907
40933
40938
40940
40950
40959
40963
40972
39836
41012
41015
41030
41035
41049
41064
41068
41076
41082
41085
41088
41115
41137
41140
41143
40113
40123
40126
40132
40156
40163
40169
40173
40179
40187
40202
40212
40230
40232
40234
40241
40245
40257
40272
40276
40278
40280
40281
40285
40290
40292
40328
41145
41161
41164
31699
41181
41184
41186
41196
41200
41203
41217
41223
41240
41255
41261
41264
41279
41281
41297
41300
41306
41309
41319
41322
41342
41346
41357
40339
40343
40355
40365
40374
40377
40242
40415
40416
40436
40443
40465
40469
40477
40484
40461
40509
40518
40542
40547
40557
40569
40573
40607
40613
40626
40640
41360
41366
41368
41382
41388
41391
41407
41411
41416
41431
41458
41468
41480
41493
41501
41527
41533
41543
41553
41564
41570
41575
41587
41594
41599
41619
32676
40693
40701
40709
40712
40718
40720
40722
40745
40748
40753
40764
40770
27660
40779
40782
40788
30398
40801
40803
40808
40815
40829
40846
40853
40850
40887
40912
32711
32831
32877
32967
33128
33238
28170
33337
33343
33384
33391
33424
33525
33569
33597
33640
33687
33889
33917
33946
33988
34028
34162
34371
34380
34384
34452
39033
40926
40929
40935
40970
40978
40979
40985
40989
41005
41013
41018
41045
41053
41060
41074
41078
41084
39667
41086
24323
41103
41101
41124
41136
41146
41149
38123
38126
38129
38132
38141
38155
38159
38171
38181
38188
38210
38224
38237
38258
38270
38278
38291
38292
38318
38320
38321
38327
38333
38350
38375
38379
38383
41151
41173
41170
41193
41201
41204
41207
41214
41218
41224
41231
41234
41245
41265
41272
41282
41293
41299
41310
41321
41331
41338
41356
41359
41370
41373
41386
38390
38394
38400
38410
38423
38431
38449
38453
38473
38476
38478
38494
38503
38307
38509
38514
38517
38525
38527
38532
38536
38540
38542
38546
38551
38554
38570
39971
39988
39991
39994
40014
40016
40019
40027
40029
40041
40055
40063
40066
40072
40091
40098
40100
40102
40107
40136
40138
40143
38208
40149
40152
40159
40162
40165
40158
40183
40201
40218
40224
40227
40231
40233
40246
40259
40262
40289
40297
40313
40324
40336
19324
40354
40358
40366
40368
40370
40371
40382
40389
40391
40398
40401
40422
40427
40440
40442
40456
40468
40479
40489
40499
40501
40506
40522
40543
40556
40558
40560
40566
40568
40570
40584
40588
15480
40610
40618
40619
40624
40631
40645
40673
40679
40691
40702
40703
40705
40714
40726
40742
40769
40772
40780
40811
40828
40840
40848
40851
40857
40880
40889
40893
40900
40905
40915
40919
40928
40949
40962
40967
40977
40983
40988
40990
39483
40998
41006
41008
41017
41025
41031
41044
41069
41080
41087
41093
41116
41121
41133
41138
41141
41127
39325
39328
39334
39335
39339
39343
39353
39357
39362
39358
39377
39378
41153
41160
41175
41198
41212
41216
41227
41233
41237
41239
41267
41274
41292
41295
41298
41311
41320
41340
41351
41361
41372
41383
41396
41404
41409
41432
41438
39389
39395
39403
39408
39420
39423
39429
39436
36323
39447
39482
24661
39490
39493
39501
39510
39512
39518
39520
39523
32708
39532
39536
39552
39559
39568
32492
41448
41450
41467
41475
41489
41496
41502
41528
41542
41579
41569
37989
38002
38004
38012
38026
38046
38048
38053
38054
38056
38060
38059
38066
38067
38081
38085
39584
39585
39597
39601
39604
39608
39614
39617
39623
39636
39633
39649
39651
39645
39674
39682
39684
39689
39690
39693
39697
39698
39701
39718
39704
39732
39748
38097
38111
38113
38128
37575
38135
38148
38153
38157
38178
38189
38203
38218
38222
38223
38229
38236
38238
38239
38243
38261
38264
38268
38280
38288
38293
38295
39749
39789
39816
39819
39825
39842
39852
39855
39867
39870
39873
39882
39902
39911
39915
39918
39923
39932
39949
39953
39955
39957
39962
39965
39977
39979
39987
38300
38319
38338
38342
38352
38353
38366
38378
30787
38385
38388
38401
38405
38412
38417
38424
38429
38440
38458
38460
38468
38479
38489
38493
38505
38508
38522
38524
38545
38560
38563
38571
38572
38574
38581
38584
38589
38598
38603
38605
38618
25270
38635
38638
33088
38665
38657
38680
38687
38689
38702
38720
38731
38741
38751
30949
38758
38760
38764
38775
38776
38782
38786
38789
38792
38814
38823
38827
38833
21190
38850
38856
38865
38891
38893
38895
38900
38916
38651
38924
38926
38927
38941
38946
38956
38961
38980
38986
39026
39030
39034
39036
39037
39060
39062
39071
39076
39079
39086
39088
39107
39110
39111
39120
39121
39123
39127
39132
39133
39137
39138
39140
39141
39148
39161
39163
39165
39168
39174
39187
39201
39204
39206
39218
39222
39223
39228
39237
39239
39248
39251
39254
39269
39278
39280
39284
39292
39297
39311
39319
39330
39338
39341
39346
39352
39367
39371
39384
39387
39397
39411
39413
39419
39425
39461
39468
39473
39485
39486
39496
39497
39499
39511
39513
39521
39529
39530
39531
39541
39555
39556
39581
39589
39592
39600
39605
39610
39622
39638
39644
39646
39663
39665
39675
39696
39705
39722
39723
39726
39728
39741
39744
39756
39766
36134
36137
36140
36144
36147
36163
36166
36177
36181
36184
36187
36190
36198
36213
36219
36224
36227
36230
36233
36236
36244
36247
39484
39495
39498
39515
39534
39538
39545
39557
39566
39587
39590
39591
39596
39599
39612
39630
39632
39639
39643
39647
39672
39673
39677
39681
39699
39703
39715
39724
39730
39733
39761
39773
39779
39783
39787
39799
39807
39818
39821
39827
39835
39841
39896
39901
39904
39908
36211
36214
36220
36228
36231
36240
36243
36245
36265
36268
28745
25370
36302
36305
36312
36321
36325
36331
36333
36340
36342
25654
36351
36358
36364
36366
36367
36379
36382
36389
36392
36408
36412
36426
36432
36435
36451
36457
36468
36475
36487
36507
22246
36515
36527
36531
36534
36537
36540
36555
36561
36575
36578
36580
36586
36602
36606
36617
36620
36623
36636
36655
31356
36689
33334
36738
36743
36745
36768
36783
36787
36789
36791
36801
36807
36810
36815
36824
27446
36834
36844
36859
36868
36872
36875
36892
36894
36897
36900
36913
36916
36919
36931
36936
36939
36942
36954
36961
36963
36975
36981
36987
36998
37001
37004
37011
37018
26811
37023
37035
37051
37054
37063
37090
37096
37099
37115
37121
37127
37146
37161
37164
37171
37179
37182
37191
37202
37205
37209
37215
37223
37228
36929
37234
37250
37253
37256
37267
37294
37298
37300
37307
37310
37313
37316
37319
37327
37330
37333
37347
37353
37373
37377
37380
37394
37400
37403
37423
37428
37434
37438
37441
37450
37480
37483
37489
37491
37497
37505
37523
38576
38588
38602
38609
38614
38621
38623
38628
38664
38668
38673
38679
38701
38704
38714
38724
38738
38740
38749
38761
38788
38795
37741
38803
38805
38807
38813
38838
38841
38844
38846
38864
38866
38869
38873
38876
38879
38892
38896
38902
38903
38904
38905
38906
38907
38928
38929
38936
38939
38947
38951
38963
38993
39010
39021
39024
39029
39040
39042
39050
39063
39073
39074
39080
39087
39094
39097
39108
39114
39115
39116
39118
39119
38942
39129
39131
39145
39150
39162
39164
39172
39178
39179
39186
39190
39192
39194
39205
39211
39225
39236
39244
39253
39257
39260
39263
39267
39282
39286
39289
39287
39302
39304
39307
39318
39321
39326
39331
39340
39348
39354
39376
39402
39424
39427
39428
39472
39492
39519
39535
39548
39550
39561
39564
39603
39620
39621
39640
39648
39669
39671
39676
39707
39712
39736
39738
39739
39743
39780
39782
39784
39788
39795
39809
39833
39868
39871
39887
39913
39924
39935
39954
39963
40007
40011
40034
40043
40045
40051
34542
34589
34691
34701
34712
34725
34737
34750
34754
34772
34813
34869
34888
34902
34906
34920
34924
34938
34975
35026
35095
35167
33400
35195
35213
35277
35372
35379
35394
35423
35428
35437
35459
35495
35572
35575
35607
35623
35626
35634
35656
35674
35713
35719
35722
35737
35740
35742
35702
35761
35769
35776
35778
35785
35787
35793
35806
37869
37871
37887
31569
37898
37902
37911
37914
37936
37948
37970
34416
34446
34560
34638
34662
34708
34822
34824
32898
34845
34873
34932
34960
35069
35104
35160
35253
35287
35306
35309
35393
35400
35424
35453
35456
35463
35474
35538
35553
35590
35596
35599
35610
35618
35621
35632
35635
35638
35649
35658
35666
35672
35678
35686
27327
35732
35735
35741
35753
35770
35780
35783
35788
35809
35823
35836
35842
35845
35861
32537
35887
35902
35919
35928
35931
35934
35943
35949
35952
35967
35979
35959
35991
35994
36006
36023
36033
36042
36045
36062
36065
36077
36079
36082
36085
36094
36103
36105
36116
36119
32535
32589
32618
32627
32772
32792
32881
32924
32926
32929
32959
32961
17084
33051
33070
33170
33208
33290
33303
33583
33630
33653
33669
33708
33709
33754
33762
33808
33815
33824
33843
33851
33859
33940
33951
34086
34089
34138
34200
34233
34305
34317
30692
30748
30764
30951
30963
30947
31105
31410
31427
31579
31614
31649
31688
31797
31850
31862
31949
32005
32081
32178
32181
32248
32251
32355
32438
32457
28813
28924
28927
29065
29126
29284
29303
29290
29404
29432
29599
29631
29659
29704
29707
29726
29741
29916
29936
29956
29966
30098
30140
30204
30313
30365
30377
30493
30567
25091
25106
25395
25427
25565
25589
25611
25637
25705
25708
12231
25974
26266
26289
26385
26420
26485
26622
37526
37529
37540
37543
37546
37554
37560
37563
37574
37581
37592
37607
37608
37624
22540
37629
37632
37636
37649
37656
37659
37663
37673
37677
37687
37690
37695
37699
35034
37711
37728
37746
37757
37770
37792
37795
37816
37820
37825
37831
37834
37839
37847
37855
37858
37878
37884
37886
37888
37904
37918
37922
37930
37938
37946
33022
37963
37974
37976
37978
37980
37981
37994
38001
38003
38010
38015
38020
34403
34449
34460
34586
34685
34844
34875
34943
34966
35019
35061
35122
35156
35257
35296
35344
35380
35432
35540
35548
35551
35568
35594
35606
35608
35611
35614
35617
35627
35630
35653
35681
35684
35690
35694
35733
35736
35744
35747
35752
35765
35768
35781
35784
35786
35794
35797
35800
35803
35812
35815
35818
31301
35833
35840
35843
35848
35851
35859
35866
35882
35886
35889
35892
35695
35917
35926
35935
35944
35960
35970
35973
35977
35980
35987
35989
35992
27521
36009
36013
36020
36035
36040
36051
36057
36060
36068
36089
36095
36098
36101
36114
36117
36121
36129
36131
36138
36142
36150
36153
36162
36171
36178
36185
32475
32495
32544
32586
32685
32722
32725
32767
28317
32904
24267
32980
32989
33071
33094
33130
33197
33199
33203
33565
33584
33591
33616
33632
33724
33980
34084
34109
34221
34256
34292
34302
34323
34328
30552
30560
30576
30596
30747
30854
30985
31017
31049
31145
35822
35829
35830
35832
35841
35847
35850
35860
35863
35868
35877
35883
35885
35910
35913
35916
35924
35930
35937
35951
35954
35963
35969
35972
35978
35984
35986
35988
36007
36021
36027
36038
36041
36044
36047
36049
36058
36061
36064
36067
36072
36084
36088
36091
36102
36104
36108
36118
36120
36128
36132
36156
36168
36186
36189
36195
36200
36208
36221
36232
36235
36242
36249
36254
36257
36260
36270
36273
36277
36280
36287
36290
36298
30710
30777
30953
30990
31027
31130
31197
31277
31359
31426
31462
31562
31662
31779
31794
31907
32026
32118
32180
32307
32310
32354
32389
32446
32476
32503
32553
32578
28840
28851
28974
28980
29090
29108
29218
29254
29280
29536
29564
29581
29629
29795
29837
29874
30176
30267
30427
30454
30478
30506
30564
30609
26857
26863
26883
26913
27083
27219
27251
27286
27311
27389
27416
27485
27556
27581
27673
27701
27780
27800
28016
28089
28174
28384
28549
28626
28679
24951
24967
24981
25139
25277
25305
25306
25345
25364
25453
25577
25674
25707
25727
25755
26101
26129
26291
26423
26476
26537
26642
26691
26695
26771
26815
26826
24333
23197
23206
23368
23437
23447
23455
23488
23508
23559
24007
24113
24227
24268
24486
24491
24500
24531
24561
24610
24713
24778
24882
21784
21825
21828
22108
22132
22235
22248
22287
22334
22337
22451
22584
22705
22757
22897
23020
19464
19507
19648
19668
19673
19751
19880
20090
20218
20231
20358
20372
20607
20656
20738
20834
20918
20923
20969
21001
17597
17649
18033
18246
18261
18282
18431
18463
18567
18892
19100
19142
19202
19223
19250
19264
19270
15590
15841
16078
16154
16207
16237
16254
16317
16378
16423
16471
16506
16566
16569
16624
16678
16689
16749
16778
17189
17209
17382
17454
14340
14371
14380
14424
14588
14617
14628
14876
14989
15174
15177
15377
15416
15420
15550
15617
15631
15649
12195
12206
12247
12467
12684
12809
13172
13192
13542
