24146
24160
24174
24177
24181
24195
24204
24208
24212
24225
24232
24243
24247
24274
24277
24280
24288
24291
24294
24300
24314
24318
24332
24339
24344
24367
24377
24381
24398
24409
24412
24426
24434
24451
24454
24457
24470
24487
24493
24509
24515
24518
24527
24542
24557
24575
24579
24624
24636
24639
24646
24659
24693
24698
24711
24742
24754
24779
24816
24826
24871
24876
24903
24917
24930
24933
24936
24949
24965
24966
24977
24982
25000
25004
25026
25027
25064
25069
25071
24668
25081
25092
25118
25122
25123
22887
25164
25178
25182
25184
25187
25197
25199
25209
25231
25251
25259
25269
25289
25294
25352
25363
25366
25393
25400
25402
25416
25443
25445
25473
25493
25496
25500
25512
25530
25536
25539
25558
25563
25571
25574
25596
25619
25647
25651
25653
25667
25670
25677
25681
25688
25709
25715
25718
25721
25724
25732
25756
25760
25763
25783
25817
25823
25825
25853
25860
25864
25867
25887
25926
20661
20728
20729
20808
20953
20964
21129
21133
21169
21221
21356
21434
21556
21614
21632
21636
21657
21691
21705
21726
21771
21778
21793
21799
21810
21813
21830
21837
21859
20122
21877
21886
21895
21908
21916
21922
21928
21941
21955
21980
21990
21997
22005
22011
22022
22025
22029
22032
22038
22053
22066
22073
22076
22089
22096
22107
22117
22121
22123
22134
22152
22157
22160
22172
22185
22193
22199
22202
22207
22220
22223
22228
22251
22253
22261
22262
22270
22279
22281
22302
22305
22308
22309
22322
22328
22331
22355
22359
22374
22410
22412
22416
22423
22429
22432
22464
22467
22470
20236
22475
22483
18971
18984
18999
19128
19159
19353
19355
19414
19425
19581
19645
19779
19914
20047
20077
20183
20192
20306
20349
20444
20535
20578
16970
17174
17190
17313
17468
17651
17742
18103
18217
18220
18231
18237
18382
18470
18525
18642
18664
15262
15500
15625
15633
15753
16093
16103
16111
16133
16173
16347
16450
16588
16660
16827
16881
13373
13707
13719
13752
13980
14012
14751
14763
12384
12792
12895
13099
13137
13161
24785
24787
24792
24805
24850
24852
24872
24884
24895
24902
24911
24935
24940
24946
24958
24961
25009
25055
25057
25074
25102
25112
25120
25138
25151
25168
25175
25180
25189
25250
25256
25276
25283
25300
25318
25335
25339
25350
25360
25369
25372
25379
25403
25408
25414
25418
25420
25429
25435
25454
25463
25466
25490
25511
25513
25520
25551
25559
25567
25583
25587
25586
25606
25626
25630
25675
25676
25696
25699
25702
25714
25726
25741
25743
25757
25762
25765
25768
25777
25800
25810
25812
25831
25834
25854
25857
25893
25902
25930
22856
22858
22861
22881
22893
22904
22907
22910
22921
22927
22930
22933
22936
22945
22956
22959
22973
22982
22993
22999
23012
23016
23019
22631
22641
22651
22660
22675
22687
22703
22707
22709
22716
22724
22727
22744
22750
22761
22766
22768
22774
22789
22795
22835
22853
22855
22859
22869
22873
22896
22899
22905
22908
22920
22931
22940
22953
22969
22977
22985
22990
23010
23029
23068
23088
23102
23119
23133
23136
23177
23232
23246
23282
23287
23290
23293
23295
23302
23303
23308
23318
23321
23336
23344
23354
23361
23375
23386
23389
23413
23417
23425
23427
23446
23451
23457
23475
23492
23500
23515
23523
23525
23531
23538
23543
23575
23577
23584
23598
23612
23621
23619
23633
23645
23646
23649
23675
23679
23685
23703
23723
23742
23745
23749
23769
23773
13520
23799
23811
23827
23838
23839
23849
23854
23856
23863
23871
23910
23913
23938
23943
23963
23966
23973
23989
23993
24006
24010
24012
24016
24062
24066
24079
24086
24095
24101
24139
24143
25008
25013
25025
25037
25042
25047
25050
25054
25056
25093
25098
25099
25110
25121
25130
25148
25167
25235
25243
25262
25267
25284
25314
25317
25326
25333
25342
25388
25394
25405
25412
25419
25426
25438
25460
25481
25498
25506
25508
25515
25522
25526
25557
25560
25568
25591
25593
25604
25607
25616
25627
25641
25648
25650
25668
25671
25683
25692
25695
25712
25736
25747
25766
25775
25778
25787
25802
25835
25855
25858
25861
25881
25900
25903
25912
23163
23164
23172
23194
23203
23220
23223
23230
23229
23241
23247
23256
23261
23264
23269
23272
23283
23294
23298
23305
23310
23319
23326
23341
23348
23351
23373
23380
23394
23396
23449
23456
23480
23496
23510
23509
23513
23544
23555
23560
23579
23615
23617
23620
23644
23640
23663
23676
15077
23695
23701
23708
23710
23718
23720
23741
23743
23756
23774
23781
23785
23793
23797
23813
23819
23822
23825
23830
23818
23841
23847
23850
23858
23862
23866
23869
23877
23878
23888
23906
23909
23915
23923
23926
23928
23932
23939
23941
23949
23960
23961
23978
23982
23988
23992
24023
24031
24041
24052
24059
22937
24081
24088
24091
24098
24110
24119
24135
24138
24141
24158
24161
24165
24175
24199
24202
24216
24221
24238
24241
24244
24262
24271
24275
24310
24327
24337
24348
24355
24358
24384
24390
24396
24416
24418
24424
24427
24437
24467
24471
24508
23041
23072
23074
23081
23113
23120
23128
23129
23152
23170
23183
23186
23195
23196
23207
23209
23222
23227
23234
23258
18639
23271
23277
23280
23291
23342
23365
24529
24537
24548
24552
21915
24570
24576
24583
24596
24598
24614
24617
24621
24623
24631
24640
24657
24703
24715
24736
24700
24752
24775
24798
24813
24819
24825
23369
23382
23388
21498
23399
23401
23404
23407
23422
23429
23441
23445
23452
23459
23476
23491
23501
23511
23514
23516
23519
23528
23529
23537
23539
23545
23552
24837
24844
24848
24857
24864
24909
24915
24921
24927
24934
24943
21331
21429
21499
21543
21599
21703
21718
21727
21773
21781
21794
21811
21832
21848
21853
21870
23561
23578
23588
23597
23611
23614
23629
23648
23650
23659
23671
23677
23682
23684
23693
23702
23704
23706
23725
23727
23759
23767
23771
23776
23778
23780
23792
21872
21912
21934
21937
21939
21942
21946
21952
21962
21974
22000
22003
22007
22008
22020
22030
22041
22045
22048
22051
22054
22064
22090
22093
22114
22129
22135
23800
23802
23814
23826
23832
23864
23873
23879
23889
23900
23904
23918
23944
23957
23964
23972
23974
23976
23965
23991
23997
24003
24014
24033
24042
24053
24054
22146
22153
22158
22166
22168
22173
22180
22188
22191
22197
22203
22211
22221
22232
22238
22240
22241
22230
22272
22274
22283
22285
22306
22314
22318
22323
22326
24067
24068
22662
24080
24090
24100
24103
24118
24126
24149
24159
24169
24171
24180
24185
24189
24200
24214
24237
24249
24253
24261
24273
24276
24279
24296
24306
22354
22356
22360
22364
22367
22371
22392
22400
22407
22419
22421
22424
22438
22448
22459
22462
22478
22484
22487
22491
22504
21672
22509
22526
22530
22541
22544
24309
24326
24329
24372
24388
24392
24411
24414
24425
24436
24450
24456
24463
24475
24484
24499
24503
24511
24514
24520
24538
24541
24545
24559
24562
24566
24603
22545
22550
22566
22569
22572
22591
22594
22597
22611
22616
22626
22629
22632
22652
22653
22658
22667
22670
22673
22679
22683
22690
22693
22696
22718
22736
22746
24606
24641
24645
24651
24674
24697
24702
24705
24714
24718
24728
24733
24744
24762
24770
24772
24784
21188
21236
21237
21269
21320
21348
21362
13259
21416
21469
22763
22765
22769
22777
22784
22787
22790
22811
22814
22815
22828
22833
22836
22845
22854
22868
22880
22891
22900
22903
22913
22915
22926
22938
22941
22957
22960
21479
21560
21600
21611
21666
21694
21734
21749
21752
21761
21774
21821
21839
20107
21873
21879
21885
21890
21894
21907
16907
21924
21951
21969
21994
22006
22013
22963
22967
22970
22972
22980
22983
22988
23000
23017
23023
23062
23084
23086
23096
23100
23110
23112
23123
23140
23143
23146
23147
23158
19321
19337
19625
19679
19791
19917
19929
20029
20269
20336
20380
20568
20734
20769
20799
20806
20812
20913
21002
21167
21212
21222
21225
21246
17757
18010
18137
18178
18263
18325
18560
18679
18895
18947
19110
19244
15838
15892
15903
15961
16050
16145
16280
16355
16586
16610
14522
16810
16944
16980
17062
17169
17183
17237
17254
17434
17448
17451
13958
14040
14245
14318
14492
14580
14594
14761
15254
15442
12374
12650
12660
12697
12996
13268
13370
13378
13421
13471
13505
13782
22016
22031
22034
22052
22055
22081
22097
22104
22112
22115
22122
22125
22128
22148
22156
22159
22162
22169
22181
22184
22187
22208
22234
22255
22260
22267
22278
22280
22304
20932
22311
22317
22333
22336
22340
22347
22358
22365
22372
22383
22402
22408
22415
22418
22426
22433
22437
22449
22452
22455
22458
22472
22474
22490
22494
22507
22510
22513
22516
22522
22531
22533
22536
22542
22557
22570
22573
22576
22592
22595
22598
22605
22608
22615
22628
22645
22672
22680
22686
22706
22711
22726
22729
22732
22743
22745
22752
22756
22770
22775
22788
22797
22807
22818
22823
19149
19176
19207
19208
19222
19224
19257
19644
19764
19796
20019
20065
20111
20121
20172
20274
20481
20645
20704
20716
17432
17437
17567
17787
17930
17943
17985
18216
18222
18505
18532
18534
18575
18753
18802
18878
19089
15687
15717
15771
15780
15995
16015
16281
16304
16437
16606
16782
17159
13762
13896
13907
14009
14065
14228
14246
14431
14458
14649
14719
14742
14766
15221
12258
12297
12635
13343
13491
13578
25062
25066
25068
25089
25097
25116
25119
25127
25131
25142
25152
25153
25159
25169
25173
24574
25217
25219
25224
25241
25244
25272
25281
25285
25297
25310
25315
25330
25338
25347
25355
25365
25386
25392
25404
25413
25421
25430
25447
25449
25461
25510
25514
25519
25529
25538
25554
25585
25609
25639
25660
25663
25666
25678
25684
25686
25745
25748
25767
25769
25792
25805
25813
25832
25836
25850
25856
25872
25876
25904
25918
23109
23137
23138
23141
23148
23150
23178
23182
23201
23210
23212
23214
23215
23221
23236
23240
23254
23257
23262
23273
23288
22210
23297
23304
23311
23324
23327
23337
23345
23349
23353
23366
23371
23374
23381
23384
23392
23393
23406
23424
23430
23434
23443
23453
23465
23478
23479
23518
23533
23535
23549
23580
23590
23593
23596
23602
23613
23616
23639
23652
23658
23660
23662
22791
23680
23683
23688
23709
23715
23726
23751
23808
23837
23848
23857
23868
23892
23897
23903
23907
23917
23924
23929
23936
14174
23945
23979
23981
23930
23994
23996
24005
24027
24032
24044
24055
24072
16226
24085
24089
24102
24109
24112
24114
24131
24133
24137
24151
24156
24163
24168
24176
24188
24194
24218
24222
24224
24242
24264
24265
24290
24292
24305
24308
24328
24331
24335
24345
24347
24356
24373
24387
24391
24394
24397
24410
24441
24443
24466
24482
24489
24501
24506
24505
24526
24528
24565
24568
24573
24577
24589
24599
24608
24618
24632
24647
24650
24699
24707
24738
24750
24756
24771
24776
24793
24804
24807
24817
24827
24851
24880
24889
24896
24900
24910
24916
24928
24942
24960
24952
24986
24996
25001
25021
21238
21273
21276
21341
21352
21500
21565
21650
21680
21747
21759
21767
21791
22503
22506
22511
22517
22528
22537
22549
22565
22568
22571
22574
22577
22599
22620
21800
21801
21803
21843
21865
21878
21881
21887
21899
21901
21909
21919
21935
21940
21950
21970
21979
21986
21996
21998
22012
22015
22036
22046
22057
22062
22065
22067
22077
22080
22088
22100
22103
22106
22141
22144
22147
22154
22161
22167
22174
22183
22186
22192
22198
22213
22219
22226
22229
22233
22247
22257
22259
22275
22284
22310
22313
22319
22321
22329
22332
22338
22341
22346
22363
22366
22369
22380
22388
22395
22401
22417
22422
22434
22435
22443
22446
22453
22466
22482
22485
22499
22521
22535
22538
22543
22547
22555
22561
22564
22575
22607
22621
22627
22630
22642
22644
22646
22654
22665
22668
22671
22697
22708
22713
22719
22737
22740
22751
22764
22772
22782
22803
22808
22820
22826
22843
22846
22849
22866
22883
22892
22906
22909
22916
22919
22935
22942
22955
22961
22978
23011
23018
23037
23040
23043
23056
23070
23073
23075
23106
19438
19671
19691
19738
19904
20035
20347
20598
20665
20800
20846
20899
20911
21042
21134
17561
17644
17779
17929
18176
18473
18531
18713
18991
19055
19083
19157
19262
15855
15864
15881
15938
15987
16036
16040
16379
16608
16642
17060
17124
17184
17269
17481
17502
17519
14076
14203
14216
14230
14375
14474
14480
14538
14592
14897
14911
14940
15007
15255
15414
15521
15582
15585
12203
12227
12668
12911
12950
13088
13325
13428
24969
24974
24988
24999
