27497
27703
27951
28136
28347
28450
28551
28594
25341
25631
26024
26031
26428
26681
23255
23340
23503
24021
24058
24366
24459
24677
24735
24797
25010
21229
22133
22300
22382
22493
22929
23063
19459
19786
19861
19881
19898
19915
19992
20001
20135
20152
20263
20952
20950
21069
17839
18510
18625
19020
19114
16104
16664
16921
17044
17077
14090
14694
14954
15232
15398
12371
12584
13124
13367
13666
13892
32652
32678
32893
33069
33483
33532
33571
33607
33643
33693
33737
33759
33777
33868
33927
33981
34053
40471
40580
40590
40775
41243
41252
41349
41363
41522
41720
41853
45583
45587
45591
45599
45609
45611
45613
45636
45643
45645
45648
45655
45669
45695
45711
45713
45729
45756
45762
45768
45773
45774
45784
45787
45791
45799
45801
45809
45812
45815
45819
45824
45826
21959
45834
45839
45842
45847
45850
45861
45868
45880
45896
45904
45913
45918
45927
45928
45931
45934
45950
45957
45962
45965
45977
45986
45991
46000
46001
46006
46011
46014
46021
46025
46034
46042
46048
46052
46054
46055
46068
46071
46074
46087
46090
46098
46099
46101
45501
46110
46119
46121
46123
46127
46129
46137
46140
46158
46161
46164
46169
46173
46175
46182
46185
46199
46200
46209
46212
46218
46221
46230
46250
46257
46265
46266
46269
46273
31733
46286
46298
46301
46310
46317
46318
46326
46329
46332
46337
46338
46343
46276
46289
46306
46314
46316
46320
46322
46323
46335
46342
46349
46352
46355
46359
46362
46376
46380
46388
46409
42911
43071
43106
43218
43334
43404
43515
43532
43588
30205
43668
43709
43803
43861
43969
44044
44077
44094
44131
44155
44180
44221
44240
44267
43813
44278
44306
44387
44392
44475
44584
41037
41054
41172
41249
41278
41291
41750
41833
41857
41909
42019
42113
42362
42404
42516
42602
42623
42660
42762
42765
42771
42867
39375
39435
35821
39571
39837
40105
40170
40207
40385
40473
40478
40528
41007
37511
37806
38161
38216
38448
38512
38534
38631
38686
38695
38705
38778
38816
38979
39083
35763
33172
35862
35865
36090
36343
36405
36508
36526
36532
36945
37180
37265
37509
33813
34282
34671
34724
34890
34931
35084
35085
35549
35628
35642
31852
32174
32231
32318
32886
32939
32987
33090
33097
33192
33423
33447
33578
33623
33700
33761
30232
30408
30654
30681
30745
30820
30862
31260
31463
31594
31750
28559
28561
29468
29593
29745
29856
29886
29890
29975
29986
26421
26431
26634
26668
26964
26967
26977
27097
27370
25991
27688
27698
27738
24663
24676
24854
24901
25073
25220
25278
25307
25516
25873
25908
25947
25997
26196
22514
23076
23111
23176
23716
23806
24071
24157
24354
20766
21070
21534
21594
21643
21746
21786
21827
21945
22035
22111
22386
22397
18917
19019
19038
19323
19489
46347
46354
46358
46371
46378
46386
46392
46405
46408
46410
46412
46418
46423
46426
46438
46445
46448
46457
46460
46468
46478
46486
46491
46504
46525
46527
38369
46531
46541
46545
46549
46557
25866
46564
46576
46580
46589
46595
46609
46612
46618
46621
46629
46634
46637
28275
46648
46658
46662
46579
46676
46679
46683
46690
46693
46700
46714
46717
46737
46746
46754
46766
46784
46786
46791
46835
43819
43834
43908
43931
44028
44031
44105
44117
44129
44177
44227
44252
44270
44413
44439
44473
44498
44503
44623
44645
44667
44696
44794
44797
44830
44913
44928
45005
45027
45071
45086
45119
45128
45133
45144
45148
45168
45173
45190
45208
45210
45213
45222
45225
45228
45244
45251
45287
45296
45307
45317
45320
45349
45350
45353
45358
45362
45366
45378
45388
45390
45398
45400
40981
45410
45424
45429
45434
45441
45445
45454
45456
45457
45469
45477
45486
45496
45498
45500
45517
45533
45537
45541
45544
45561
45567
45575
41948
42020
42095
42354
42441
42444
41377
42533
42621
42826
42855
42859
42882
42908
42913
42941
43019
43173
43186
43204
43208
43211
43299
43358
43375
43419
43426
43484
43596
38297
38316
38439
38459
38557
38626
38681
38886
38945
39356
39361
39398
39668
39700
39763
39792
39889
36910
28633
37360
37484
37929
36808
23014
38117
34677
34693
34717
34967
35056
35330
35564
35615
36000
19865
17177
17501
18172
18182
15176
15575
15996
16013
16192
16325
16497
16663
13627
13687
13790
13881
14107
14140
14333
14417
14641
14977
12196
12332
12455
12604
12652
13257
43604
43700
43718
43737
43843
43847
43880
43897
43934
43954
44063
44076
44085
44118
44128
44182
44302
44379
44406
44458
44517
44519
44535
44543
44615
44633
44650
44670
44723
44727
44818
44835
44875
44899
44927
45022
45050
45056
45074
45087
45121
45157
45160
45163
45177
45180
45214
45219
45224
45232
45237
45242
45250
45285
16203
45298
45319
45327
45330
45333
44110
23722
45359
45365
45371
45389
45391
45397
45399
45407
45421
45423
45426
45427
45436
45442
45453
45460
45461
24712
45470
45472
45476
45489
45491
45495
45502
45504
45507
45510
45516
45527
45535
45543
45551
45558
45562
45559
45569
45571
45574
45581
45590
45600
45603
45606
45614
45618
45620
45629
45631
45639
45642
45647
45663
45665
45676
45678
45684
27354
45700
45708
45712
45719
45724
45732
45735
45742
45748
45754
45757
45765
45767
45777
45778
45795
45804
45806
45811
45833
45840
45852
45859
45862
45883
45886
45902
45908
45915
45916
34986
45937
45943
45948
45956
45938
45971
45973
45984
45987
45990
45993
46015
46029
46041
46047
46053
46075
46078
46091
46102
46117
46136
46154
46165
46174
46186
44919
46203
46206
46215
46226
46229
42987
46240
46245
46251
36205
36203
36293
30744
30926
31001
31247
31499
31573
31578
31584
31726
31742
32040
32305
32366
32471
32592
28854
29040
29046
29073
29316
29341
29793
29848
30248
30281
30303
25040
25090
25179
25373
25750
25932
26085
26649
26942
27232
27335
27382
27398
27409
27453
27467
27813
27963
28181
28484
28674
28765
23281
23301
23328
23458
23498
23554
23623
24011
24049
24382
24696
24783
24802
21369
21457
21524
21610
21679
21769
22105
22922
18499
23122
23162
19374
19803
19900
19906
19986
20220
20538
20547
20631
21023
21044
21101
17576
17620
17672
17942
18398
18794
19146
16162
16184
16311
16320
16482
16896
17329
14101
14358
14457
14778
14963
14972
15111
12264
12646
12738
12819
12948
13106
13258
13817
46262
46281
46284
46297
46305
46307
46324
46328
46333
46351
46361
46367
46375
46381
46383
46390
46396
46400
46404
28162
46413
46415
46419
46431
46440
46449
46456
46459
46464
46472
46488
46493
46500
46503
46519
46523
46526
46533
46535
46552
23126
46561
31370
46567
46570
46573
46577
46588
46599
46602
46625
46628
46640
46647
46650
46661
46668
46682
46686
46689
46692
46701
46703
46706
46721
46731
46733
46751
46756
46770
46803
41763
42028
42091
42099
42125
42131
42273
42271
42389
42425
42449
42468
42526
42580
42595
42647
42713
42803
42839
42870
42930
43032
43137
43176
43203
43246
43275
43390
43393
43435
39972
40021
40189
40269
40450
40492
40602
40632
40678
40813
40852
40877
40946
41056
41108
41176
41251
41296
41376
41400
41518
41676
38092
38228
38363
38396
38535
38630
38872
38888
39032
39200
39000
39414
39546
39650
39710
39758
39810
36209
36261
36428
36460
36878
36889
36922
37037
37070
37264
37269
37337
37447
37896
34363
34615
34681
34783
34968
35049
35073
35204
35215
35320
35469
35647
36031
32688
33016
33045
33077
33085
20149
34067
34239
34254
31353
31408
31469
31905
32171
32191
32255
28712
28789
28876
29492
29632
29732
29754
29961
30027
27202
27241
27375
27378
27532
27595
27674
28138
28323
25141
25595
25723
26167
26390
26438
26594
23054
23313
23486
23942
23984
24263
21048
21147
46411
46428
46435
46447
46467
46474
46480
46483
46494
46496
46501
46509
46515
46518
46521
46532
46539
46550
46553
46556
46563
46565
46568
46578
46586
46598
46603
46607
46614
46617
46626
46636
46639
46646
46657
46660
46663
46678
46681
46684
46688
46695
46716
46732
46739
46743
46745
46762
46765
46782
46787
46831
44666
44673
44762
44778
44782
44845
44602
45008
45051
45082
45102
45106
45124
45138
45146
45158
45172
45178
45186
45195
45212
45218
45231
45245
45248
45256
45266
45272
45291
45306
45309
45322
45328
45343
45354
45355
45357
45364
45372
45386
45387
45392
45414
45418
45419
45433
45435
34207
45440
45443
45455
45462
43340
45468
45479
45483
45493
45497
45505
45512
45513
45525
45528
45540
45547
45550
45552
45554
45556
45568
45572
45586
45588
45598
45601
45607
45612
45617
45628
45646
45662
45664
45679
45681
45692
45706
45710
45718
45728
42572
45741
45745
45751
45752
45761
45758
45770
45779
45785
45789
45793
45803
45807
45814
45828
45311
45835
45854
45857
45866
45871
45882
45884
45889
45900
45903
45914
45917
45920
45930
45933
45935
45942
45951
45953
45961
45979
45998
46003
46008
46010
46016
46019
46028
46026
46032
46037
46039
46020
46044
38330
46073
46093
46096
46100
46104
46122
46124
46125
46130
46139
46142
46147
46150
34836
46163
46172
46198
46202
46216
46220
46270
46271
46274
21202
21413
21466
21491
21660
21699
21897
22231
22377
22394
22396
22625
22666
22767
19666
19744
19793
19850
19928
20264
20770
20844
17372
17677
17845
17955
17988
18257
18346
18360
18647
18719
18986
19009
15493
15831
16147
16377
16386
16716
17033
17087
13793
13821
14071
14177
14238
14450
14961
12447
12745
12960
13159
13317
13406
43443
43496
43525
43539
43615
43656
43662
43685
43811
43814
43873
43886
43926
43995
43999
44041
44072
44087
44130
44193
44206
44235
44251
44274
44370
44405
44446
44504
44621
44643
44674
44689
44729
44747
44812
44847
44953
44962
44972
45035
45078
45081
45091
45095
45104
45136
45142
45162
45174
45179
45196
45202
45205
45211
45223
45230
45240
45273
45279
45295
45300
45305
45314
45335
45338
45342
45345
45351
45370
45373
45376
45385
45393
45411
45420
45425
45437
45438
45446
45452
45459
45463
45466
45475
45478
45484
45490
45494
36207
45506
45511
45521
45534
45542
45548
45557
45560
45563
45573
45578
45580
45589
45592
45595
45597
45605
45608
45610
45619
45626
45634
45637
45659
45545
45672
45680
45686
45690
45702
45714
45717
45721
45739
45747
45749
45744
45755
45771
45780
45782
45786
45797
45808
45810
45813
45816
45823
45832
45855
45860
45870
45875
45879
45881
45894
45899
45906
45912
45921
45924
45932
45945
45947
45955
45970
45972
45980
45989
45992
46004
46007
46009
46017
46033
46038
46049
46051
46066
46072
46079
46097
46103
46116
46131
46132
46138
46143
46146
46156
46166
46167
46176
46183
46190
46197
46205
46210
46228
46231
46235
46239
37442
46247
35337
46259
46267
46277
46285
46295
46308
46311
46313
46315
46325
46340
46341
46360
46369
39812
46379
46382
46384
46387
46398
46401
46414
46424
46433
46436
46443
41973
46455
46469
46481
46484
46487
46505
46524
46528
46530
46546
46548
46558
46574
46584
46587
46593
46596
46604
46613
46616
46624
46627
32962
46632
46645
46649
46656
46659
46670
46672
46677
46691
46697
46708
46712
46715
46729
46735
46738
46758
46769
46775
46805
46811
46825
41633
41636
41663
41793
41842
42057
42266
42329
42344
42370
42544
42671
42680
42706
42741
42796
42925
43080
43139
43239
43312
43325
39770
39823
39869
40195
40226
40256
40319
40571
40581
40920
40995
41020
41077
41095
41271
41419
41426
41499
41520
41536
38032
38209
38486
38712
38722
38762
38958
39525
39613
39678
36288
36413
36431
36501
36542
36809
36874
37176
37193
37273
37285
37322
37339
37387
37631
37658
37776
37840
37867
37926
37943
34359
34463
34467
34593
34689
34899
34977
35076
35238
36022
32564
32913
33331
33350
33355
33371
33670
33918
30669
30917
31143
31255
31438
31555
31993
32069
29052
29116
29212
29313
29338
29569
29774
30077
26895
27077
27132
27236
