10950
10960
10966
10971
10983
10987
10990
11003
11007
11008
11010
11017
11019
11024
11036
11042
11044
11050
11051
11054
11057
11059
11076
11084
11090
11093
11104
11106
11110
11111
11123
11132
11140
11142
11146
11154
11156
11159
11175
11180
11183
11186
11194
11201
11203
11213
11215
11220
11232
11236
11246
11261
11268
11276
11285
11287
11312
11318
11328
11337
11350
11356
11361
11363
11372
11381
11391
11393
11396
11398
11407
11409
11411
11413
11423
11426
11436
11445
11448
11455
11457
11459
11462
11473
11476
11478
11489
11492
11495
11498
11510
11513
11517
1007515
11546
11565
11568
11581
11600
11605
11606
11620
11624
11634
11642
11644
11650
11653
11657
11660
11673
11681
11687
11691
11706
11709
11714
11715
11718
11728
11731
11734
11737
11753
11755
11764
11782
11787
11796
11802
11805
11816
11823
11828
11840
11843
11848
11863
11869
11876
11887
11889
11897
11900
1007030
1007035
1007048
1007072
1007079
1007104
1007145
1007147
1007213
1007236
1007292
1007351
1007436
10055
10063
10066
10069
10080
10084
13947
13955
14046
14070
12125
12135
12142
12150
12163
12170
12176
12182
12185
12188
12208
12209
12233
12261
12260
12268
12277
12283
12286
12315
12321
12331
12337
12338
12336
12353
12357
12360
12367
12394
12408
12438
12448
12453
12462
12465
12470
12484
12492
12506
12515
12529
12532
12550
12556
12561
12568
12585
12592
13775
13787
13810
13813
13816
13829
13832
13836
13835
13859
13872
1007686
13901
13903
13917
13941
13959
13964
13992
13995
13998
14001
14045
14066
14089
14097
1007012
13353
13356
13358
13376
13380
13388
13394
13397
13399
13410
13413
13416
13419
13435
13439
13454
13457
13459
13463
13478
13480
13486
13492
13522
13536
13559
13562
1007016
1007062
1007217
1007241
1007251
1007255
1007259
1007295
1007412
1007434
10064
10078
10082
10085
1007457
10095
10098
10101
10111
10114
10117
10120
10143
10148
10156
10162
10165
13564
13576
13579
13596
13603
13609
13617
13619
13625
13631
13642
13645
13649
13682
13688
13692
13697
13699
13702
13726
13732
13740
13743
13746
13760
13763
13766
10186
10198
10201
10204
10207
10219
10225
10228
10231
10242
10245
10251
10262
10265
10272
10284
10287
10290
10293
10296
10298
10307
10310
10315
10318
10326
10332
13769
13794
13805
13808
13811
13837
13848
13851
10246
10254
10260
10267
10275
10282
10285
10288
10291
10294
10305
10323
10330
10333
10341
10344
1007470
10351
10376
10345
10348
10354
10366
10369
10372
10374
10381
10384
10389
10391
10402
10403
10421
10428
10430
10431
10446
10458
10461
10460
10468
10476
10479
10482
10489
10497
10380
10400
10404
10416
10423
10425
10439
10449
10452
10456
10474
10477
10480
10483
10496
10501
10518
10521
10524
10533
10544
10546
10493
10557
10567
10582
10584
10500
10517
10520
10523
10526
10529
10543
10545
10548
10549
10552
10559
10561
10570
10575
10579
10585
10593
10599
10606
10617
1007480
10635
10646
10654
10663
10669
10588
10591
10595
10600
10614
10621
10624
10626
10629
10639
10644
10658
10661
10664
10668
10676
10678
10684
10691
10695
10702
10707
10710
10711
10715
10721
10724
10681
10682
10689
10698
10709
10714
10729
10743
10750
10756
10758
10760
10781
1007486
10801
10805
10817
10784
10822
1007488
10831
10841
10843
10848
10853
10861
10863
10730
10732
10739
10741
10746
10769
10777
10780
10790
10795
10798
10802
10804
10809
10813
10815
10844
10862
10866
10874
10877
10883
10897
10903
10905
10910
10918
10879
10890
10892
10899
10902
10929
10932
10938
10942
10946
10956
10970
10982
10986
10988
10997
11004
11005
11015
11018
11020
11034
11037
11046
11055
11061
11063
10920
10936
10949
10951
10954
10967
10972
10977
10980
10981
10985
10992
10994
11011
11014
11030
11032
11047
11060
11068
11074
11080
11079
11092
11096
11099
11102
11067
11066
11083
11085
11088
11095
11098
11100
11109
11118
11121
11122
11124
11129
11138
11161
11167
11171
11173
11176
11178
11189
11192
11197
11210
11212
11216
11105
1007496
11116
11119
11134
11136
11143
11153
11162
11170
11174
11181
11184
11191
11202
11207
11225
11227
11240
11242
11245
11249
11258
11260
11265
11267
11284
11228
11234
11239
11244
11251
11254
11262
11264
11269
11206
11277
11289
11290
11297
11299
11306
11310
11313
11316
11323
11326
11341
11343
11359
11366
11373
11385
11405
11412
11424
11427
11429
11439
11442
11450
11452
11453
11460
11470
11474
11477
11487
11493
11496
11501
11512
11521
11344
11525
11540
11542
11554
11559
11560
11570
11573
11576
11577
11582
11594
11622
11596
11630
11638
11649
11662
11670
11683
11543
11700
11707
11710
11720
11729
11732
11740
11743
11749
11752
11754
11760
11762
11771
11780
11785
11794
11797
11799
11800
11807
11810
11818
11821
11827
11829
11835
11842
11860
11864
11879
11886
11890
11898
11901
11905
11914
11922
11924
11934
11938
11941
11945
11951
11957
11963
11968
11971
11977
11987
11988
11991
11996
12004
12007
12013
12021
12024
12034
12043
12048
12051
12065
12068
12071
12074
12100
12104
12130
12132
12144
12146
12151
12156
12162
12175
12184
12194
12204
12214
12219
12230
12235
12238
12240
12255
12270
12273
12284
12287
12293
12295
12322
12340
12368
12395
12409
12411
12422
12423
12442
12446
12459
12497
12507
12511
12525
12528
12553
12560
12566
12571
12574
12577
12582
1007585
12599
12614
12625
12643
12655
12665
12678
12685
12687
12689
12694
12700
12703
12714
12728
12730
12741
12746
12752
12766
12781
12783
12785
12806
12811
12835
12842
12850
12859
12867
12868
12594
12596
12607
12621
12624
10061
12634
12639
12647
12654
12661
12663
12672
12677
12681
12688
12690
12691
12695
12708
12710
12719
12723
12724
12737
12749
12753
12776
12791
12797
12801
1007607
12834
12843
12849
12852
12860
12863
12873
12876
12883
12893
12903
12906
12928
12936
12947
12956
12959
12970
12974
12978
12999
13002
13015
13016
13032
13039
13054
13066
13068
13074
13085
13094
13113
13127
13130
13147
13151
13170
13174
13176
13184
13197
13207
13211
13213
13226
13229
13240
13243
13249
13252
1007639
13273
13276
13285
13290
13295
13307
13310
13315
13322
13328
13334
13336
13344
13347
13352
13369
13393
13395
13411
13424
13437
13445
13448
13467
13472
13481
1007654
13490
13496
13509
13510
13518
13529
1007658
13547
13551
13560
13563
13574
13577
13580
13604
13615
13618
13623
13637
13640
13661
13701
13706
13716
13708
13725
13728
13735
13738
13747
13767
13776
13780
13784
13803
13806
13828
13830
1007684
13886
13895
13913
13927
10336
10342
10347
10355
10365
10377
10394
10406
10409
10410
10414
10424
10427
10445
10447
10464
10467
10470
10472
10475
10478
10487
10490
10492
10507
10516
10532
10538
10551
10553
10555
10583
10598
10601
10608
10615
10616
10619
10634
10638
10640
10643
10657
10662
10665
10671
10673
10675
10687
10690
10693
10703
10708
10712
10719
10725
10727
10737
10742
10751
10752
10753
10767
10766
10771
10779
10782
10785
10788
10789
10823
10826
10835
10839
10852
10859
10872
10880
10884
10886
10891
10900
10896
10906
10908
10914
10916
10924
10926
10934
10937
10940
10952
10955
10968
10974
10984
10989
10991
10995
11006
1007492
11009
11012
11021
11029
11038
11039
11049
11058
11062
11073
11077
11091
11097
11101
11112
11125
11127
11130
11139
11141
11145
11149
11151
11160
11168
11179
11182
11188
11200
11209
11217
11226
11230
11238
11241
11252
11255
11263
11266
11271
11281
11286
11298
11300
11305
11308
11320
11322
11325
11338
11340
1007510
11352
11355
11357
11368
11376
11380
11392
11402
11417
11420
11425
11430
11432
11434
11438
11441
11444
11447
11449
11458
11461
11463
11466
11471
11480
11484
11494
11500
11515
11520
11528
11534
11536
11539
11548
11550
11552
11562
11571
11583
11586
11588
11591
11604
11608
11611
11612
11621
11627
11629
11632
11641
11656
11659
11663
11665
11677
11685
11692
11697
11701
11703
11711
11712
11717
11730
11736
11759
11772
11777
11779
11784
11790
11793
1007532
11809
11820
11834
11844
11850
11856
11870
11874
11878
11881
1007542
11877
11903
11906
11909
11913
11926
11925
11933
11940
11946
11950
11953
11961
11964
11978
11986
11997
12000
12017
12020
12039
12042
12054
12061
12064
12067
12078
12083
12098
12108
12116
1007019
1007071
1007188
1007281
1007297
1007314
1007359
12871
12872
12877
12884
12896
12898
12910
12913
12920
12945
12951
12958
12967
12986
12991
12993
13004
13012
13021
13027
13033
13048
13055
13064
13092
13095
13131
1007374
1007409
1007418
1007430
1007435
1007441
1007453
10065
10071
10074
10083
10094
10102
10105
10108
1007459
10113
10124
10136
10142
10149
10158
10176
10190
10193
10200
10212
13134
13143
13152
13157
13162
13183
13186
13200
13203
13212
13214
13216
13220
13230
13233
13242
13261
13274
13277
13299
13306
13314
13339
13346
11902
11907
11910
10215
10218
10232
10235
10238
10241
10249
10255
10261
10270
10273
10276
10280
10286
10300
10303
10306
10309
10316
10322
13854
13865
13877
13885
13888
13893
13898
11920
11923
11912
11928
11931
11935
11956
11959
11962
11976
11982
11984
11990
11993
11995
11998
12006
12009
12015
12019
12032
12029
12047
12050
12053
12056
12059
13909
13946
13954
13967
13986
13993
13996
14013
14057
12066
12069
12072
12080
12085
12089
12092
12101
12109
12111
12114
12131
12138
12141
12172
12174
12179
12187
12070
12077
12079
12090
12093
12097
12102
12110
12124
12134
12137
12149
12161
12180
12197
12199
12202
12207
12217
12218
12221
12224
12234
12244
12254
12262
1007558
12210
12212
12222
12226
12236
12241
12245
12250
12266
12269
12282
12288
12298
12302
12314
12316
12326
12327
12345
12348
12351
12362
12365
12363
12377
12393
12412
12275
12281
12303
12306
12325
12335
12341
12343
12361
12369
12370
12380
12385
12387
12397
12400
12404
12413
12420
12426
12432
12450
12461
12463
12466
12468
12477
12418
12424
12445
12451
12456
12476
12485
12490
12500
12505
12517
12526
12539
12543
12546
12549
12551
12554
12558
12562
12575
12578
12583
12587
12623
12631
12649
13354
13357
13359
13366
13377
13382
13392
13396
13400
13405
13414
13418
13422
13434
13461
13469
13476
12479
12482
12502
12513
12516
12533
12535
12542
12545
12559
12565
12588
12600
12601
12608
12613
12619
12622
12632
12637
12644
12645
12651
12653
1007594
12657
12667
12658
12662
12674
12676
12682
12693
1007597
1007598
12711
12729
12742
12754
12762
12764
12768
12770
12778
12798
12802
12804
12833
12836
12837
12851
12854
12862
12869
13484
13489
13504
13508
13519
12670
12686
12692
12704
12722
12726
12734
12750
12761
12763
12777
12790
12793
12796
12812
12823
12826
12824
12841
12844
12847
12861
12864
12886
12888
12904
12917
12875
12878
12894
12905
12916
12923
12929
12933
12940
12946
12952
1007618
12968
12977
12982
12985
12987
13001
13018
13023
13046
13049
13056
13071
13075
13093
13096
13538
13549
13550
13566
13570
13584
13591
13602
13605
13611
13621
13624
13636
13656
13673
13693
13700
13711
13714
13722
13745
13754
13772
12934
12957
12966
12979
12990
12994
13034
13037
13041
13047
13050
13062
13065
13069
13076
13070
13086
1007625
13100
13116
13122
13125
13128
13135
13139
13142
13144
13098
13109
13126
13129
13153
13150
13169
13189
13199
13210
13225
13231
13238
13246
13272
13275
13278
13281
13292
13300
13309
13311
13316
13319
13332
13341
13349
13156
13163
13168
13171
13185
13191
13202
13208
13224
13239
13241
13247
13271
13279
13289
13293
13301
13308
13312
13320
13323
13329
13340
13348
13365
13368
13379
13385
13387
13398
13409
13412
13420
13426
13446
13449
13462
13470
13473
13488
13494
13503
13511
13513
13524
13527
13530
13546
13548
13552
13558
13569
1007451
13588
13592
13599
13616
1007663
13629
13635
13638
13641
13654
13672
13679
13680
13691
13694
13703
13721
13724
13727
13730
13733
13742
13751
13759
13770
13801
13818
10623
13834
13855
13882
13900
13916
13925
13951
13966
13969
13976
13997
14003
14050
14068
10090
10100
10119
10125
10139
10147
10153
10161
10184
10191
10209
10224
10227
10230
10247
10253
10264
10268
10271
10277
10281
10289
10292
10295
10299
10312
10278
10317
10320
10334
10340
10350
10357
10361
10371
10390
10392
10408
10411
10418
10420
10426
10436
10441
10451
10463
10465
10469
10473
10484
10486
10502
10512
10514
10522
10525
10528
10541
10547
1007476
10556
10563
10569
10576
10578
10581
10587
10594
10596
10589
10609
10613
10622
10630
10633
10637
10645
10652
10655
10666
10670
10672
10677
10680
10686
10688
10692
10704
10210
10717
10716
10723
10733
10736
10738
10740
10748
10754
10762
10768
10770
10776
10794
10803
10819
10821
10833
10836
10864
10871
10881
10882
10889
10895
10901
10912
10913
10917
10919
10922
10943
11288
11291
11295
11301
11303
11307
11311
11319
11324
11327
11339
11348
11354
11364
11386
11389
11397
11400
11403
11401
11422
11421
11428
11435
11440
11451
11454
11469
11472
11491
11499
11506
11519
11524
11532
11535
11541
11544
11557
1007516
11569
11574
11585
11595
11599
11610
11615
11618
11625
11628
11633
11643
11415
11658
11664
11671
11684
11688
11690
11696
11708
11723
11735
11747
11756
11761
11766
11776
11781
11783
11792
11795
10141
11803
11806
11808
11811
11817
11825
11831
11836
11852
11855
11859
11862
11873
11875
11883
11885
11899
11911
11915
11919
11921
11932
11936
11939
11965
11966
11969
11972
11974
11981
11985
12008
12022
12025
12044
12049
1007085
1007097
1007109
1007172
1007183
1007225
10052
1007254
1007263
1007312
1007353
1007417
1007433
1007447
10057
10067
10070
10076
10079
10091
10093
10110
10115
10118
10121
10132
10138
10154
10157
10181
10192
10195
10199
10214
10223
10234
10237
10240
10243
